0.240292077339599029976299842181062361
0.240993250490643995349739447821672696
0.236140379756990383698813242927479587
0.242892290790894673493213063645198968
0.2389249795956851642435641606557417
0.244247047496975429364384476245393017
0.235179069492679308392593846070651668
0.241190634770130021137606374866526804
0.235767744154707764227970738811394043
0.235144959810940376937759102449666896
0.243509169015418812507118611609701111
0.240899195208571341881806397593988643
0.240472865985677506209802613060582061
