0.599881687451316275698280663914471105	0.855516638512461732249758664800392603
0.679551702386868980233085108354012963	0.174749362975340236675787490870284486
0.415919459612422504087737006461744796	0.324611454380437286139058901025526691
0.893746287620793659377340730851895706	0.90920961284554316356028387015811954
0.148908741686445497851062796787320777	0.813243032720359764777209011059189728
0.521352175686452911085465101415617855	0.684936806790502242925822331830046359
0.816086946637268277600419056260184104	0.307063181448619871173547929221677152
0.971802156867314551011615571664734422	0.898982178404530565667155162044547385
0.193525333864877229264497207141990777	0.276256989370658772424341141239501962
0.0919100327877021489193864126444241807	0.392652336966249545803487414043198353
0.967058018857785793070791525733660584	0.654598704774424462124322573101413997
0.298062133132297669384146700398196904	0.622844589354007164904575652975241746
0.327547501207582825679499836920384717	0.555137305546878350198646092213198912
0.0655827735056831138534536159123268688	0.863002271046103540848262285883129394
0.52615707429896880664953715450884668	0.931394725510598767055512310047672982
0.715667010459525705053641127349632571	0.557553513933260347287641292184396578
0.910738462686354038110605489422414506	0.282406976573744210483833473183957477
0.488780945896162002423534003939635065	0.847518547548012391031379858771532255
0.597173352090571453974675453560691822	0.947528322579263624728967087673296901
0.635541928073551415327310303794277103	0.29040824919021466386420170213271267
0.538811241112553484477155302977034544	0.772650258732424947265367371605619708
0.882307879613255452757343687916317789	0.711544413379514696765001677909324145
0.468244104771268720205614422799182618	0.597420367250770314413306606573790336
0.683422891440596573738144117683342334	0.405604697594084831203010404590128397
0.798418679118934367450615974405453044	0.54794546468152641406063359204255728
0.346758375561527153288681940452853098	0.0424862769260463690879979585067550207
0.686460925436746604105006652216577123	0.883179152103537546918182611866685029
0.27214130315458835158847075729001042	0.0648966370580221725480431381567193436
0.402132064765429739751036494803854194	0.860295913010513595610319352894503783
0.425409870215207786428523299825454069	0.67124004035984820515771564667899522
0.2935161441961157507620786086792641	0.453835899520546240020207311289389253
0.128112757481978771930277549760714885	0.609186942918745311434021065504280185
0.334804704981151711968171188912684009	0.943369520533320531529095724909570261
0.632790817382336395852643741308247814	0.0752448091656455055228691039626791774
0.581155255364915933165674498169381126	0.391150111599138949135932518407048762
0.739256967140849344125059125767158744	0.333790941628289607627581456563168433
0.213004323608167694013130227463323778	0.635039513226403155782893704270916515
0.952904690865053707458318524723223415	0.426311598371942950641417134137172672
0.251888050065179136670720346112179383	0.556320091462053353602369455839491239
0.109682383901784877699734542524294968	0.259627301672567903448275224823871998
0.814008124922892886665585725115222205	0.473887753079473563647303239838111315
0.836288345575700671167346210294901424	0.0794658870762272722029383974085585473
0.0770659345210784074064377932224476968	0.540476416318869363901394801209065155
0.767814375819510952637351219278428014	0.721616379902369254815027732049061898
0.902288669564337034366242533561749421	0.584829733256009096655276110327213348
0.246336829216786591249441964688653095	0.342290181051709201654214780605393661
0.694606483979495885241323579620493015	0.00575150720799626166298471638584490362
0.603954267887312205894846794251899424	0.656635289101234459596783874871715367
0.571952907152640447891638818677698004	0.467894998744543271986803456563345329
0.405982183537857549393849863015143061	0.508660040087064461712157538599863966
0.747110715987252448146284323940891024	0.933163550366220026186900323761915833
0.681496517048048690598386650068464279	0.686155337281187178850020386263861253
0.65039792950080145982697187171718782	0.495586678127789437387708338213694618
0.1477544299615634146773936593778329	0.714519064096158093839388190558328097
0.404293465775680660894056213987922655	0.127982115176760992973590169106506595
0.00841281815793658283322697810787284943	0.235823668972779798010028520041572437
0.574565137203967456751460727342918444	0.563972404205314199295527193604412844
0.508802028643248134220103333518192928	0.0862263248021188723029186462621161905
0.842885807732102625053497747868520728	0.983799405155167367318504451947239043
0.991127133848170704930135371180171932	0.813253600314404152561081154091251754
0.435135329567540604220563234558983758	0.942230769432374506673537373002149817
0.211399527236382554861847963097838027	0.505928300594679526940313068335914753
0.748738057817558925331654557802623054	0.245431291758053566141402541550418177
0.825096366132348075127381658187921288	0.879728491478690126215279678447287217
0.267436898194756997915393065143439508	0.247786141853947353005121987677195107
0.325689910616665331510845736335820764	0.854957745024258180736114851411137217
0.937514479816801935355647001200783188	0.976138769006962011695180911680888638
0.738438954204156447016752201307492187	0.484652092199905668556394973350363015
0.476292748922166602508218793553486821	0.220270721243311196121763381109480255
0.336500055472152427140183561960098789	0.351675874673926795973873402359600728
0.00571202708694253963572708899436632211	0.588524199398478253374975739785561811
0.0831016574229477115677193768241693974	0.145991948764631846382592192340227769
0.778291480138470716785196128644360303	0.147577063334193348818997832272738497
0.818607172558558420881395144113257636	0.794960903182936136900854029705593774
0.974228770819208934598469164728972645	0.510298728478653295017403751754166305
0.180907121841306942322961769292030637	0.560936145847008605603624038224905319
0.293790625975451577533653331687150013	0.148914415517412291756095106966888367
0.0890461528247074586245263160236533723	0.955184189503560661377848085045075598
0.178999486541709011931972123236851541	0.422394572370525679074087612197751662
0.221192627617954064392258498810447033	0.980930497105881683446494800216975977
0.494845292285488677138301075496343159	0.42283860607209674018919273183210209
0.149939180828032776101848043758674852	0.500612708570728321763730683678204686
0.759126620752587011958085020394918721	0.0498932419434495930369777477302374874
0.0553860994353829311801406214553817936	0.66431467615425009452171889587237209
0.814537589837590764198295810963276025	0.630242125916517864016237748213833492
0.561697560619106138032255958971867744	0.0059746552740963083600801774033084706
0.369164295687244414120840701957755394	0.234223064691793905565571219718617599
0.606061231633718629719056572064647658	0.732302899175867258720697849995844596
0.662705276739948389744973353381005375	0.944773563590052839720934763589569074
0.833607453275530895455340654775052992	0.228694808628693763627004578748699231
0.987812184198862736489622372418400008	0.113787886092836275987433638339212895
0.0294159848764801757028810713982597307	0.447557479344176220547729823398540433
0.431646764683414103595197689143957723	0.0295900189640562974168868028789980657
0.121010227989640358694716785999377141	0.0408115133335898152579972920278570675
0.574380725086817940338826770177852134	0.177285471306453552823234525421268298
0.918297282993183837163955522891844583	0.0607993515104492462122936079198032635
0.736293259410268921580631711187159007	0.624815039404952013923284426591285266
0.492799306536775703255849115295762231	0.997553918181076826400279384181629462
0.662533629063890993126223892828243699	0.60488586614702593113368345306044386
0.513589598382965492318623850454909341	0.319200027953620678361827935080465855
0.199802661970917033620831461655831702	0.0956142451512128351543458292583408054
0.444718819182720897010040631583663321	0.753883681604886145175446058600916155
0.67630062529049332810279822706706812	0.777061800263299005258347046242533457
0.37558004978177176029497321126308762	0.614999976759874349818906911372279265
0.0667970397684046353666466107720906146	0.768492597119565335673422088660628801
0.400570646916854479014880499026233684	0.41175044308078306288080287928292521
0.0168685987175969849217131087056042498	0.0242288827983064684210121642490414114
0.214319703700972406959700944467739438	0.783009181321894783820657967694892722
0.150616574602064542458402760982707122	0.898974052784186465464801858113073311
0.187995229214699292529549357471236956	0.19283445107182896879872365918631595
0.883625420878616562724122987522982574	0.15417496995332134009784306733727776
0.77836248216572151215152858556326771	0.406678061046775788149990215474905645
0.244659506731237307357941672241451867	0.720993862250030154061507344871642722
0.960875681077234260891180748709715665	0.171921665915108122320365804667281669
0.889398113697109396865654560934039187	0.483324626330504651364761847820756127
0.496329797732289981766078570674951263	0.510347645259598911796777070420356068
0.870818955899805497304824374667878612	0.383629807740716292130754466261133092
0.0940682521373141241912249376653593398	0.466948291343659709797965502531529245
0.00390071634235263886980829613717613138	0.344000208960937278296546773863097719
0.366052435202288474685597509519537327	0.795633728770351587032458301916013016
0.291322110746644424602238050211229859	0.787320006257470120782361286207568238
0.903664480984488950721231624788081053	0.825653434180248305297344925005655235
0.74527622911763595768580745036012618	0.837543352994715946523542346313032608
0.343174608394872751272559800438477727	0.706698003466240731657849026587893275
0.156052254800484367649109209386741678	0.338595458840072289563312219325527654
0.235935075092812993161230906495923169	0.860045056807119723223843561260579467
0.989004568498145842551009499362276015	0.732073169954886378253830294495448986
