particle	x_0	y_0	delta x	delta y	stable?
0	0.601154698162097765815294735835858053	0.851577067081638468742554854035601172	0.000152409096522475063414823193209608319	-0.000329953448370542971139526036433294647	True
1	0.680074267948422190149036574372649119	0.173643967613665188841142365589347895	-9.97387787070027720980381150621456336e-05	-1.52671210837420356823301573113405213e-05	True
2	0.41314169914749378344389631194323516	0.322603721895255139719149925105314134	-0.000155675986717048418242642859080106699	-0.000299119324298194483076589654802624879	True
3	0.895079734106101616973856162041269694	0.913301600000531263518425164185480393	-0.000110417165917901071342274073239731543	-0.000163020344975152851148076132420648484	True
4	0.15393569247844704370464830293589647	0.815185144136911381316280916554107895	-0.000284540210393293730513417653264877422	8.89666680530556057068993647488378958e-06	True
5	0.525263585008605988453086241344310031	0.678562061014947100182843541009978532	-0.000163019999394020385208464186040058021	-0.000157243068007848442313520726961581472	True
6	0.814900609327230327533663954825935764	0.306084552395741627195995871692058292	-0.000103470453365065115105075848247542387	2.41148979250891361967482527743595924e-05	True
7	0.973468532695203958973478354743620487	0.89931350579127219587250204754653762	-0.000100298993985224191798462498428586828	0.000267841942085736204446414806859457171	True
8	0.194545791235498343105712666294879542	0.27766674026137920861332985987639622	-0.000103712070771264672005646964967006921	-0.000162514741380405442550981505467923685	True
9	0.0889586413343883085850888953125619122	0.391449337520871084858383226729026166	-0.000147819126179983818521301322304962834	7.44414912117056921842368778911170155e-05	True
10	0.965690321775565214115164178414718914	0.656529044549924702666753342836282245	0.000112729367900595224109531403788393221	0.000230617596567192038767131488738684639	True
11	0.294413387406916176240127302963907632	0.622928816469510309513747529831755813	2.04733094283055038435775036766091829e-05	-0.000117809564638366805332847656140353931	True
12	0.327934569313852048544061001799608701	0.555279602305499068424558979582589943	4.19602865846064192647404100950979251e-05	-0.000217930906670594274495553693582999781	True
13	0.0683191985780080083722672757481686828	0.86398530230633978295547327809854438	-0.000131901516032806024806884575510595841	0.000275004117278100103751814332156375786	True
14	0.524185876282449733236884424532666017	0.92499904625686590832093844789858804	0.000206620384347231707919796414078433007	-0.000242541233474396680528205609733619028	True
15	0.722055545516520738236269358401631561	0.55556075988089989362238552916693234	-0.000222173259835211606381769646049063809	-4.25233075183350216284242030061269557e-05	True
16	0.909550383160980877918666541022875068	0.279788329664557060742404983313091516	-0.000125662722543102150739546706937600657	3.63252862002393455853415988630812409e-05	True
17	0.49061798458197543122862158600909001	0.839947036538124320366276255207383325	8.45547461341050559963608343789594095e-05	-0.000158573099269037542584386335881831308	True
18	0.595029477020512948991748869863495462	0.943096394359697221054535955100424258	0.000208918422479341580059109332912195861	-0.000362554808649923274052061473256073874	True
19	0.633170851314645224594932782091967179	0.289187376503088020605376228043843429	-7.55621577894338256338508359045825636e-05	0.000113528841280723858995457847754795669	True
20	0.543620783959555948929297714387392561	0.766121081023350368286436149197934266	-3.85931569484367076776718678899465673e-05	-0.000206669448232868850727425782069447543	True
21	0.880504455325007727671944179362072411	0.714028153748737712246463872988413212	0.000196382598514993836968064566779599028	0.000297078108621752532839397774501729791	True
22	0.465402228918451314047609079815901519	0.595787043638061046065378231187406522	-4.90013823530464917939521053262297078e-05	-0.000203485559785806571696653278337076201	True
23	0.681334232445552578043954853061900274	0.403964330885908242997816610284522287	-3.94780391911031540675715793698240104e-05	6.02316911471377441343946938926745098e-05	True
24	0.797677050092461755177202087738431112	0.5466759350277674410652979288200387	0.000128841766524879301356770883836642133	-1.50690103346438591925636261512586542e-05	False
25	0.343752292507370948792730953394719115	0.037102854380610815576736027790626528	0.000723436164292041162331406720325549743	-7.24590842718425285344231272832157295e-05	True
26	0.685287667662847675053576641608451744	0.886864601461864255509839301382041636	-8.77750477005759793533795503798755753e-05	0.000341534296912982680781514951803519839	True
27	0.271419028472834620963413759454574479	0.0674443818243394932475697403530602836	0.000575852234053538062497144527544816069	-0.000438720644591157927963226273981639067	True
28	0.405133699014487747125848297561950331	0.86215517479542108243810215551660081	3.41255849218991465203911691212992244e-05	-0.000298444325439192668787492082033869056	True
29	0.421113316034375144365506184137458903	0.66825700978135396287932703948506952	9.15108118615610081395323275351981613e-06	-0.000154536596506776809355974135462985105	True
30	0.290177922154646603591967067686278162	0.456092719136817949893190888196480206	-5.40983451905924883170049951906674202e-05	-0.000165375650847635878761968239986796968	True
31	0.124643132148737976739574944243523427	0.60557625409411917565886690515282351	4.47045189757754426376683126726277781e-05	-7.48463845745292961890112391577627842e-06	True
32	0.33327420916398493276359701638023143	0.938516439135425174406647331218708084	0.000191255450042683032964583077490949078	-1.63658537854978064877158495617379283e-05	True
33	0.63387638125293611147822889996119817	0.0738134291324478759437310387075212247	-0.000528090643879448766094948209833245921	0.000110167681667813164591172886897333956	True
34	0.578472715309195299347887732413511982	0.390544005102834051738829744043381313	-5.78863217294578722964611811240215252e-06	0.000123763718683801033321396288727206206	True
35	0.737363242113461315563136549396314209	0.332735138203997565833264717318987004	-8.38833504824694110550214751316811354e-05	2.4222902983351936321480400762941678e-05	True
36	0.208643606421388414733130916904944605	0.635968113177163968245564442744837067	5.14708767244804355038467721805706311e-05	-6.33323898300114292336506447235994235e-05	True
37	0.951145384343405244505090560449272762	0.428351033489513017952420178040111952	-0.000198262491243784691979176616390257851	0.000243362905395871116547210425241444617	True
38	0.251993172099673495884592283185401039	0.559644666959533779767082672652776793	2.36965659147780033517566308588152327e-05	-0.000116030972744402562335744917106511255	True
39	0.110708619943370107451856611790947672	0.260120638129337100727597210542755737	-8.28712619407521966238085503491989047e-05	5.24198567250458456282286279490532413e-06	True
40	0.813245052545063081439526581280631512	0.471089170598220630668623094030261123	-1.53160796766431139221508858800654842e-05	-3.61761481271976181037945269241762849e-05	True
41	0.837542032156520463515461902149788593	0.0820051165688883116239338059493938259	3.42263455258236133257080045664935888e-05	1.65326312558311042533971078603037159e-05	True
42	0.0728085758323485815120470660490599921	0.537633845219445209986095293584099578	-6.11858630857245168499720559408991097e-05	8.57954595893132339190598969901343602e-05	True
43	0.766192430807520310975066995096848261	0.729014949284943931196481979047069854	0.00015213097887036104470891792197146771	-0.000209625819615493149215572059445125128	True
44	0.902276708487174308684786832406237307	0.586549183948917153719075647178289568	3.23845839230533903462423418159003016e-05	0.000306846699365476841366721156669316233	True
45	0.245524392169557245483207737718744545	0.344350983132752364285584194929769127	-0.000122439502817833447439239702250882843	-0.000163502225322133129169176146600105132	True
46	0.697730034531391382345204444416898895	0.00573180528190873727464114622398809444	-0.000115431915504229624307590951581894682	0.000531348010001409044645186924786862872	True
47	0.608652034334960382303903054991556694	0.652640337574554399124858665751533897	-7.40513512334867310270741869896305474e-05	0.000131335387005216534992595972390291023	True
48	0.569632294356747014734678273066866311	0.46724558792013076959063615573002332	-0.000151039466219634168536122440878782818	9.82276861203120232405016883797348374e-05	True
49	0.405033571068411595996737531161879081	0.506051838100891890105729275885021668	5.72072142934716907422616101261101131e-05	-0.000275872716421166090370935149393373533	True
50	0.746224713113138632858402219951131904	0.936325022755482766391736412494809158	4.90309202344282360325506893087081031e-05	0.00022826810128131705357370209607272963	True
51	0.683678150397929004153756967589397979	0.686700065451330776237865781856672752	7.31983956399634932875550885353716571e-05	-0.000145991058268486977456498946571336756	True
52	0.648697963309257445095064977629174216	0.493850606352392050218769394272276666	-8.63707631557847896465351884265825391e-06	6.28519440946480582034592602838677021e-05	True
53	0.1456281495134373204004123382099548	0.71733450020816719903368493748794197	9.12618399143267601242423945901157233e-05	-1.3625944902131358247756282626088307e-05	True
54	0.401551187520043063061720718087124194	0.122351514502254170168219699835221041	0.000605359109372203696220287298054611828	-9.97795606904617392668270065513865334e-06	True
55	0.00912989148115558393394540669332685656	0.236653274517559603026274484128357341	-8.3486592378014339756807575780373593e-05	0.000263685414899834875214058992027680677	True
56	0.573114694752901007376088278818909915	0.563158000223713346249623989158591166	1.643418223987721992352852590272217e-05	8.24745393233160908766000806547293702e-05	True
57	0.509591847052360540734432467157213576	0.0844069214249867875402717946209164874	0.000541096245005302945816310080181871496	-0.000175262973572958303509817572251381687	True
58	0.842062938657273386424329202696472195	0.986851400580197771929220622735526386	0.000216252956475639973611381508597889578	3.21965336785844708410245535401472642e-06	True
59	0.993531641662692967473741110958859389	0.81405980734500552406436602080844233	-0.000139145780452022580360133855990189776	0.000251516210227046452157094997395602932	True
60	0.43397501916807735095136069231793447	0.945131759446149526936901297329715361	0.000202009803342810489896078665629816314	-0.000369762230300848867452890763383207154	True
61	0.20942586537058071538412783205435831	0.511375258279132131041671007065152731	-3.71969505391977552337185013058241957e-05	-8.43274394152215506373049092438588101e-05	True
62	0.74703388570718235320077216594534575	0.245650588857974467648167608628031098	-0.000110983159480379611516182505225541699	1.2545386393642153631518174700652612e-05	True
63	0.826195104185753345789715221419881479	0.883361786771976911728256240699060764	-0.000165769394496350950483037338531012689	7.86715004829669096042183293284142455e-05	True
64	0.269642332793024880838415713221697456	0.250798654334359561143126026708268569	-0.000206463515087844630407612089171179409	-0.000206431106528563458574209911730124646	True
65	0.328991918037171506104736439551444531	0.850498212083417574006681033888886059	-2.89077422028141007708880589017199131e-05	-6.77148877937978010620282560909423119e-06	True
66	0.936707276561043168036831391749988687	0.975045642340584158353340473181051606	0.000291007057917976107909812926384070877	0.000469002412036888726201031278993663531	True
67	0.737180667571870712495492064696137554	0.481453550872073207851819583692300326	-8.0657440086430277948943402163244498e-06	1.22308597585476293218871471182429342e-05	True
68	0.478690252719107160784936701453548904	0.221965449318415469643936937319821413	-0.000256453510903982106694834661106406695	-6.76816574031088362619974653094120406e-05	True
69	0.335537269802534552893538782475516892	0.355323672743660641983461301011509265	-0.000117540000888348998091685999239077228	-0.000199688972319633017477356587030882385	True
70	0.00386060279497208618861175291919339799	0.59003874041286261354736392407618905	-1.92443502176384341418658486294216164e-05	0.00015588299787573489807050969089924984	True
71	0.085523809074647918924204510938233625	0.147605385919065249542964071572184424	-0.000388777452491185287323453017625210209	3.08958548689212626393911026221663455e-05	True
72	0.780380182684365355638358200655434523	0.150282497605715281819402145111929972	-5.00542783883993093648343201778007543e-05	2.12742849188558196615926798307559641e-05	True
73	0.819271354727222131692000459143092447	0.799465230714386989059989768836356135	-0.000165711505855487185472684899306247925	7.88113760036703720573964934096095285e-05	True
74	0.973696654929584342754026997419933394	0.511682474798191474687745322797429077	-5.74515499308680941452458921129711086e-05	0.000185972532838745877045414291616240825	True
75	0.180474817253827518163094245999689646	0.560825509177390553461200859925230378	2.47093072799623359658065023167974663e-05	-4.54411420571825620751169877982924359e-05	True
76	0.291132972194324756962589643716971755	0.151046579942771229355623475021848464	-0.000300274720046082398180795167286663084	-0.000226955829821674211419497149106760656	True
77	0.0909277101862107354926698380071319373	0.955873820796424407693205114847179092	0.000199385870411552786631658901155681911	0.000259553660474893414608628992187907052	True
78	0.175645977479813606425184818248096703	0.423101755171939107418825202872960678	-0.000114482132421539657523009097346302183	1.8600857108049268995640947192981111e-05	True
79	0.221636244765452823975480332794089425	0.983654179051569504695764872927807865	0.00014346597645882333373468088689939283	-0.000188036531741339295671605322023501703	True
80	0.491645313448223360346105052454079251	0.423480523361870414279124095711056486	-8.25456346907718625448916573527557087e-05	-0.000101463338944582427423840787621268879	True
81	0.148184306381261308691913364568143957	0.501633709088646213250721947970556384	-7.32252899667021393761461995818571354e-05	1.40862037581870286471142065728614241e-05	True
82	0.758796317535843874505108243944189901	0.0540914248784501534970991893836606986	0.00027710209782098931085397435779400721	-3.05277636338515435278308251782961723e-06	True
83	0.054433652699713696615557008548887374	0.664862957685327280870049523278238669	9.92048792091869673525684952388301304e-05	5.6932241776394674567546687143221638e-05	True
84	0.81427990828843575843689940954605383	0.631780707595571312915043078475362539	6.44830363088909111076354926490051737e-05	0.000406138055778500355697697367972014976	True
85	0.563178432826517855707827197305206135	0.003830024396971057867731576024621749	2.3739216677220633040998233368285288e-05	-0.000470661655795614301305013970233214323	True
86	0.371054764167412320378738692420745347	0.230498163852150515034525112873282683	-0.0002495948507050974804427093842016818	-0.000263044238683038700191815986922884273	True
87	0.613128981187729265341588014619694381	0.728091907699359010905932104095760715	0.000138855322458367732728247174472776794	8.81813156496625352423989688740937498e-05	True
88	0.660939840765174985842821679111811004	0.948146101895869780460047713361581244	0.000109395867365711689441987572160307056	0.000419128646412214862350766479285519602	True
89	0.831990761630497458890802052603780659	0.227508385797603828215817323181941675	-0.000111181206299767605369881687655328044	1.9034858828817154104193343315740283e-05	True
90	0.991025140013876171632612192805607908	0.112681527705937611036148449411326824	-0.000485634890521982144106497498483079421	0.00019492989944317416351115670360156343	True
91	0.028338097980673841129506923859796867	0.448537133953609173739330092381171746	-0.000144495951608652373691022660229636573	9.49676766093037011172999633933905411e-05	True
92	0.429942307167708896110010708078483868	0.0319106660879133062931655632156387974	0.000697589825835899324871724920883380139	-0.000370612605252326242095440504662844869	True
93	0.120165932864839019657022226987748679	0.0419082042031193247712788233152339771	0.000385393199740819955791392439032050039	0.000251034433534932322345623542127066832	True
94	0.574881408078282989273988773182487301	0.175014172493385383097165817837386156	-0.000120609200818737941063576627661367362	0.000250097609334952018143508946937015728	True
95	0.919044895145970246644703598719261917	0.0619243197043582903329860168985810771	0.000110620097505343938072387834386127055	9.76171379146207206838166481813522891e-05	True
96	0.73608112918317062869214375073223177	0.62364419937766711525085083591144785	0.000118749739211602744673908561222842336	-0.000120106244524908046719280185012803678	True
97	0.49358341284231811949855214901023632	0.997780256669472587885813760568799083	-2.70071396193842213622635525924846313e-05	-8.48506395049959978541457996741133308e-05	True
98	0.664146657184083410406046612133041648	0.597306099120494945953244546541368252	-1.78347771717993267498270802695301373e-05	0.000213756653748655487789824840453903071	True
99	0.511482400709632664551778764242576676	0.321173538710263234479169071455493885	-0.000146396158916998477625377710740497621	-0.000111557104031051469248528266239009693	True
100	0.198170077180000645806681286943855637	0.0975455992208778983485116889766964201	0.000695424021879094257272630988758245569	-0.000113942130624394848299071345325604106	True
101	0.44895387216118943755869730008664348	0.746817164783003440770587930049508658	-9.8338465852581828428389000828400117e-05	-7.46986470549230733922967572636779672e-05	True
102	0.681073349276368180489240618720473669	0.776796472723558765306892093560522182	0.000274215780835884835405579909811409328	-0.000154447018482286362871940780876691432	True
103	0.372670818373935940984997877642287721	0.617036299954800609186208385931273799	-3.82303437580570538429068649436526805e-06	-0.000184614357496299344098080509762131649	True
104	0.0644220926984069414450848299874895427	0.770773506722943307280568308112309612	0.000245668803708623542550597995615282097	0.000243390107011418128140406576728210372	True
105	0.397240342613689016423622333627364941	0.409811833614172371387007018987887821	-6.29075140675256431630970659215961329e-05	-0.000268429644106988334937538550717639389	True
106	0.0163864422085009236817136317774356545	0.0223151050929002894642212477974658503	0.000322298075024756420526118249246629921	0.000432528625384498858419700264252630406	True
107	0.22104623742978030139412879395144897	0.786387346889569672705180495646278683	-0.000372236527959831503147945834699545092	-0.000187959465697464023311936744686134614	True
108	0.153175706822335993466592807442290058	0.900422836347348037696342750422853145	-2.2699315013372026986365810931774639e-05	-6.1292892391867785011192977070857896e-06	True
109	0.190863557942026746614089000299640723	0.194749186051334317158602516799941297	-0.000258509546039712562268909373969531613	-0.000171154708240121350648365366300616011	True
110	0.886339281693764044460937819991588899	0.155669741520044694622040624381959216	-6.61254723279100692155215717946813605e-05	5.09264596846867455933149467509483427e-05	True
111	0.777738699318962600228352021408761216	0.404181432859025624866946412871761925	-5.55481589493315667017769203336466949e-05	-4.76061359180951376372586037243152212e-06	True
112	0.243051251849031485663262092961215061	0.72055949672333654989300040418389809	4.96120996244007024980786383653880545e-05	-5.00099209931455532193014160723709773e-05	True
113	0.964620322805543925218428079444198955	0.170978529040784117391004819825203316	-0.000142901266480818757750753833938779895	0.000333108582676077719836790658000003861	True
114	0.888026385363073848168572209795335688	0.486234543213591442284044382370019817	-0.000102679877737638148365569256603306718	0.000342944146925684611701695394596819921	True
115	0.495457103603831639129844799690813323	0.509910757796836966209989400602584973	0.000105675520634993195515049347538915218	-0.000117149331540432095404027651558285951	True
116	0.871176176827697086639335555370568262	0.381225993451477489480092801405478038	-6.331432227575314490349053513387941e-05	1.57721408363048977057934792537483434e-05	True
117	0.094066709339619203878135629434416705	0.465236237362135448129743892251447212	-0.000127706157454130984366610897306202388	7.43662921093826366282213084038107594e-05	True
118	1.705945939923409812710895207939989e-05	0.344433462399183670381744050446938896	-0.000246714477983810456060953720699410415	0.000233487241449912279650434208861653821	True
119	0.374354034946595482200671570657010461	0.79512435192085521723870642848728526	-0.000200901772565268843991757631991339141	-0.000168999372535338722878908874893363644	True
120	0.288030128612120174773643346453283093	0.787219377554402058923317189106677692	0.000142369246627923480390698035952982972	-0.000108755087681679826584234409190893326	True
121	0.905123980611716312897051777539810715	0.827211017739428272627475129712179919	-0.00014739897078487925766395928378551988	0.000276055408728108398727790799686480998	True
122	0.745348100318772411303713696317397322	0.84191163675888024611228599800114126	-0.000154062534602109988845349874828838551	0.000213775403685113088333224840242847727	True
123	0.342983911389469652067965643558811341	0.709246552252461810898029812595752718	-1.44780478615603910193467440105077349e-05	-0.000215698171716485677909219357075761909	True
124	0.155036596427944691065452183473039507	0.339365905539922909748386941157294081	-0.000151621794979195509451702089952754275	5.26121009339958019776342736095641385e-05	True
125	0.239739990280283505423889290563412715	0.864139232677251747832439792964120928	-0.000103923626035442093220797083450062282	-0.000254069806279720736531104535652900389	True
126	0.987643937233513139168591489849304126	0.733301218583171623318066780824505982	0.000244774397018123861812032666404740002	0.000207464623008376497726014835510734446	True
