particle	x_0	y_0	delta x	delta y	stable?
0	0.600666158872510846681745044760986704	0.854644695087987960776033201980961505	0.000114788866581076575601201508200872256	-0.000132529839033176401741789023839482798	True
1	0.679628151439577351851467168626076294	0.173436177186373640705278180216453896	9.20867317479741833953264079687880997e-05	-9.3789169732773134870358777040445026e-05	True
2	0.414135496954099233574233254963172211	0.324486941086918141642829005612499615	-7.12015049016057181931828696034187832e-05	-4.33615743308780719681584777242278685e-05	True
3	0.895362225503017197324684007531517155	0.912702623355762235308448347861451665	1.10214368198582266492155778050369028e-05	4.66210998593463832194592404982771539e-05	True
4	0.152257148231173429587629577311730386	0.814294357767430867152477530347201344	-0.000123232851385028857377358688686296703	-4.66025110205565933092104126941714976e-05	True
5	0.522309290369952126523575668242054083	0.682878024443488187431264040503399732	-0.000249758537421387464657005343404449463	6.32988266447101899835189252617703956e-05	True
6	0.815338363222900072048143037267055706	0.306373438350957990226685949815292567	-0.000177945914752356930395542196023233151	0.000218258092969865067322412014410829785	True
7	0.973243384602200818696818511902854278	0.897525386921144217811413407963838062	-9.39667966534230232090062979645078872e-06	8.00638041990566950560169499584831023e-05	True
8	0.194381790389121837412944061122003519	0.277588809624033476701075357850940364	3.75971878070402062208829745812890374e-05	-0.000240088860289278707592838604136608421	True
9	0.090874138343492398660683856333091483	0.392004709279945489056829576471666298	0.000180955992533053457821979724569086084	0.000124317582680394424413906799846933927	True
10	0.96562087398681454712213981129051226	0.654458126083490596848796058560335035	2.51849865160897626148460464979207046e-05	0.000147329562584725998036047621169091571	True
11	0.296842618128422483739330316865746757	0.622736358241045692950441225631185065	5.09256795612785376638352759936506667e-05	-0.000138537389356512176953552499210446789	True
12	0.328992716452148510798500476380702477	0.556272136031540330024514391407160708	7.97472299731131484667238378724306199e-06	-0.000132691988737327840856885564000736813	True
13	0.0675471782915727640025119604851787632	0.862592551789616401404917456364280083	-2.99202747302295993407045486657924099e-05	5.42012720812602240934064070517184553e-05	True
14	0.525625630764961086157255745417487329	0.929380014753076571802664772723211819	0.000172051976915743603700590545338245462	-5.21453520395978319631277797653844179e-05	True
15	0.719020875899281320869845550036336766	0.558232409153078554794051715639005631	-0.000259546648588220147824852439411910029	0.000208412263955450261466699537140749743	True
16	0.910118044395813092398445316251615684	0.281048786540035371212566953543618103	-9.86675239325045851389096998047840086e-05	0.000588126358745829964924033609489332824	True
17	0.490340789809672303116396703793997612	0.844492947604047950699365572774563243	6.20623788647037121727085448423109737e-05	6.177270199775462126806472208370157e-05	True
18	0.596819614108525094077232507267306578	0.946370789380055779597940880523545999	0.000159965487822566632472014799714725976	-0.000143120388307037549133314325686549156	True
19	0.633817382426164623708561592407689785	0.288665472774523689678957750366644304	-0.000136807793606160779348345233949396104	-0.000233131362204223834031888964485510119	True
20	0.54124824464350249851896429206079982	0.770183510779625523443482843388836167	-8.06498252114912469154839884119142795e-05	5.03207859271769311680601206457886829e-06	True
21	0.880681192426286328136118701677343323	0.711739869160271994371458153354742565	-1.2385134454939824826245653194738931e-05	7.99778446572788179771288057144684471e-05	True
22	0.46772670777452955537388314258250755	0.596286776226990311397152846411012776	4.78345050716595833241307415758433368e-05	-8.31222077072325461955734320367057486e-05	True
23	0.681219856112898649363660989920971844	0.403654448652987246653760502615965005	-0.00045072765416956191702597817300836727	-0.000141588301873781022017211415953544729	True
24	0.799886625472435033289201599634261079	0.546497511605049070968488855531576888	0.00055655904188659789354138299814701615	-9.80038213557742040131851222148015045e-05	True
25	0.343884631187216851028076158954198769	0.0402961201192583355034433507999107038	0.000226058889955341968141392769487229266	-5.93253506577840070852497451348627728e-06	True
26	0.686797947245341219653650313793307975	0.884253002754528535526268768969256441	3.37650152130695601439260675516304587e-05	0.00017372603971393229130803878147733804	True
27	0.270731501032062308621485313566884589	0.06779973653374186200201562331756324	0.000196879521581279249297678491599742935	-0.000127890851070259898330422457304082099	True
28	0.404146533052346737545278611642258196	0.860251994770060546538800112522769992	-4.74085776421807221377879299209739069e-06	-0.00030222742126868655216649093320582704	True
29	0.424886710955826250954143914311476459	0.670005711099861229033049588728344496	2.94514191060319899206855326938872948e-17	1.80926491843583424584109957726125246e-16	False
30	0.291339938028170091121517843173918739	0.456573054984561253805713376229716004	3.71993759422165681848316644097743874e-05	-0.000100424631221839788467944187006930528	True
31	0.126500255567726884025354601626750129	0.607116669145787787015241413515162175	3.78905253780119454438412954187111552e-05	0.000139062029483608313681372871588953442	True
32	0.33358653911310878525807535184112031	0.941567345053375294086175010596477241	0.000164664725404007443908957097668888405	2.18780005234989980340702286781057539e-05	True
33	0.632790403605077226179158875568429216	0.0736326449788744698284885480740155037	0.000232635247135157184909902020563279775	-0.000163407018883791878137057301726847276	True
34	0.578857408677045027252381780092283383	0.389673787755487076146214218799199998	1.72111369205526006239737507685449785e-05	-5.23642053975998470705899189158744723e-05	False
35	0.738044919359362952455840897704505925	0.333010709728666579229119507897553199	-0.000258835444016402478119370621808029901	-2.45900512219570259420813255375083643e-06	True
36	0.211098379527515948205987464029627954	0.636363446645207316667706449231106597	8.09506535853092670970051552089755569e-05	-5.81833196009984130046055890814425235e-05	True
37	0.952539278214097059716592594390747117	0.425836329564505405686063486561960609	-0.000237507591332123726967198713714225611	0.000122094171370487100954185077981795916	True
38	0.253173414212025146636157809134580026	0.559780267329060973463264333052409715	-1.41949539507389655448744428075506143e-05	-0.000125743074929845443702275828882985987	True
39	0.110439366126351116155071931752321536	0.259354734710009392770844535536260034	9.07494123612994712695203383440134799e-05	-0.000679756506256131347671058113423941633	True
40	0.813664843528620081818425109543361847	0.472356256093274153602454467416461915	1.21796281887387192514658868481993614e-05	-0.00019982064435462865792926532667315048	True
41	0.837079732070783817061147164664151594	0.081237771610737355493961664962477868	0.000130470029842269671362399187932822941	0.000125925505366689944133908788821521101	True
42	0.0746130132043039614820011994446958423	0.538725871830771197313838150100376817	3.61622645804458762854749415817483588e-07	0.000191965809701009859154905604594077415	True
43	0.766243630081323739800979734419185908	0.725378388673085190646288063338804041	-5.68007205061612934547799734706718693e-05	4.21149577123225629105495016463912939e-05	True
44	0.902397215442920175938672578713894249	0.583565061087737296073666402282523456	0.000135983584604967515246539914802674327	0.000135228035175713351686042609442798172	True
45	0.245934542229174935178444965172362533	0.344602643480253387290986520887627177	-0.000213872242543662318005209975272793609	-5.13884888707466439626602231263240037e-05	True
46	0.696072193329126436162598229863387676	0.00557914170552767483124487876558198692	0.000401786625194777668937477788548225449	1.91990627404294273391947953295911891e-05	True
47	0.604832423235135154796774005224573648	0.654466182349185837427261174263507549	-0.000200098575858389365549529306551962913	0.000223416678622329427966122267861979456	True
48	0.570671123749367155825657411542387652	0.466524674220237750781074418843634863	-5.27537201186907802700910626838062447e-06	5.74718819417624160744078078220599528e-05	True
49	0.405791537817986845098854608033785667	0.507415334592898809487451340884018344	8.1312644992825771072680178795077004e-05	-0.000103904029770916677567745076666253126	True
50	0.747718844536902427764256255849016812	0.933840810142978411812515047382896141	9.93999943824644070147690572319293561e-05	0.000129456601742312327690458074396379017	True
51	0.681150395949400853519659432267368445	0.686973366628139093658529044995965942	-6.24943907915913410110997098453859328e-05	-4.09891858281355271519862433826057878e-05	True
52	0.649567238059724939108263378613665881	0.493571238167794667613599804745216415	4.85217257518043074018038227808418635e-05	2.23103817938971636427265000574956419e-05	True
53	0.146107500874817358191904058566739624	0.715966840795696730788527259378008757	5.72188341193329394285718250474286627e-05	-5.85977249508164556445961183966027558e-05	True
54	0.401762271253123132096567629184928865	0.125546690409890559553813261857946296	0.000202635807278200231310705302430467876	-3.16978379600511496517655773099101645e-05	True
55	0.00860588886885729585283827613667153047	0.235453427487299200396529072887778597	-0.000169051499204897114290983742809790704	0.000467917944950505517112783601942569711	True
56	0.574556022878412086230450552807685223	0.562599256593685963324193733539795073	0.000107112842594212728952385396775387721	9.34307080065259590566906384222549345e-05	True
57	0.507681537672575748616188689734598415	0.0847478628480993256034512520004446616	6.16165184985990978011503551846306584e-05	-0.000271910505068904660042794096663177983	True
58	0.842613827131389209653992705546968627	0.98592602594860192702790277467079093	0.000129049122229103161447750341163656926	0.00010166925639277708630339418520419261	True
59	0.992962450409335091541963890488165962	0.812236552893806702829738520068467984	-3.59153746939928045787012047609081799e-05	9.68801158708635151821302627342938844e-05	True
60	0.434415593916863667321461482165114557	0.942669170944703794979681391304023483	0.000159316268342681452114205136270220508	-0.000361054173275784328720303662621989408	True
61	0.210601136491544742890720512753917799	0.511153451965716250282326498679825165	-3.35865182616575823597185611664557512e-05	-0.000137211981270981769627055486635727151	True
62	0.747510195517193274564645187311207234	0.245331017736634583849287572448178483	2.47913545654191033078441248560118575e-06	3.96265328856077630507808683327222598e-05	True
63	0.827004547117830814488954573679595598	0.881256793658388482848747385110409858	1.83394097615689583175074466889314157e-05	7.71070669979836561190054970764435956e-05	True
64	0.269223037757650148992301654668140318	0.251070633397934388909309509174832094	0.000169102171116899659793416308497257029	-6.5749216407296581066979968977780825e-06	True
65	0.327713379587778274681770047973487306	0.853464024336660890078459277449718017	-3.89373146722863781192907873230199848e-05	4.64421619488842100130411623569468595e-05	True
66	0.936706320805986155496904758867949144	0.972946873931319229625723104503391593	0.00013413689173851683135247411826167271	0.000148007811432647396385489998291109458	True
67	0.738144467422328743250231757579220233	0.48461193059560205956616056607563506	9.83239883917520050862634394907060262e-05	0.000333819681395781172977293998151706269	True
68	0.47804003580415055081300984317079297	0.221122254108404441845132004234135005	0.000170499049801592833697678968553190637	-7.05975449113678971355431710986193991e-05	True
69	0.336148381361161446265969586011715847	0.355802533824916780604973536414247947	-0.00013411007714118837358201129386906882	-0.000144532564572189055650558190927358795	True
70	0.00404702097278366471067261845902546807	0.588401066320367739173770259266119262	-7.77548045177619322857198267922727594e-05	8.71897844108779425769893852186342503e-05	True
71	0.085027537775047760519966971091316298	0.146565240784585633821239102289456349	-0.00146368805475690570578208531905056671	-0.000458266455635963815874104956804073378	True
72	0.779445245516486248303458131808094324	0.149114009993759497999642502069141822	0.000141770765316601780556788037013860502	0.000134503398447578988425256427934756006	True
73	0.819274775186162750139609436750342248	0.796705409745263157994178443281332163	-3.85145964339708390082846070934171425e-05	6.0124121706079516797185414495192888e-05	True
74	0.974323247784230494464399048758351061	0.509683130748922996337582751019541098	5.73013288284298613603537208203971801e-05	2.40803250296183311355591565638890182e-05	True
75	0.181764327596173660860382003047791399	0.561350667649346216833504917700002608	-1.4182373941945635239033943866827223e-05	-3.20877589826682745661090159571439712e-05	True
76	0.291222661979284163093321402947336781	0.151604566305262760854469995424730348	0.00019322858411543526505188467365059971	-9.28983284405718732675110597310033899e-05	True
77	0.0898200246486035373004784050758636134	0.954782084660515938200037368194124792	6.24348971042659830867056227131965936e-05	3.12497739376359444363666880402361836e-05	True
78	0.177240257561743517461665504877905964	0.423784331090682690607467428113777754	0.000114056912280219757936045822043067278	7.5216944319455527135762176392855844e-05	True
79	0.221105658830891542084106033151796591	0.983298442555542271905673775669164339	0.000117671911072901183312635509738587701	-0.000126609121148716843985332473114156035	True
80	0.49246239681772336264181836925173779	0.422936472581693294355838580612775124	-3.47890468319789528628962268601443199e-05	1.05949493720383585818882972325898027e-05	True
81	0.149261632947143774809649113200389789	0.501973288849881421302793722900893723	-7.77828301153621143977497457089320599e-05	-6.51226648516784884357100272758437437e-06	True
82	0.759040009939751897842456534134272353	0.0522007163090686421995497375768607004	0.000243670198975420082464732567706557724	0.000170087582982576217944317954051810541	True
83	0.0544613084646048842548486320462627608	0.663643955548291119943996382485731504	-4.19986081616923521312627452072536228e-06	5.82857422414896554505143064943928924e-05	True
84	0.814764725996155619375607727933361066	0.62884764841035504036310154800856915	7.7814476387215782780054557086242461e-05	-3.61892809646312399226053677945627391e-06	True
85	0.560863787413545004658771840131075514	0.00446135838878368996488980269380270591	0.000201170398744764594250158494313493789	-0.00012871840810220438756778936859297085	True
86	0.370612792038104210707073032728748321	0.232750021556717589234994879104495595	0.000153820299868445382715202800911461522	-9.57936607636620387807426906511290855e-05	True
87	0.608950765532578160397638436010593065	0.729892364478855208809666425324589526	3.38952141647114534931885485580025798e-05	0.000205686244069485973860449551899448565	True
88	0.662805562641508785728351701998102051	0.945489087087448654861164992464902375	0.000136159441274658775434507495879892154	0.000195958066569169354957094549274708578	True
89	0.83248374071446158285501173418990137	0.228054983137338639169549064853035921	9.90599619767169818115895860501198168e-05	0.000249277374783512759092964700387595523	True
90	0.990352263951833024644189867619502326	0.111601155158707393625527793959651634	-0.00157114957373400942513214083172213012	-0.000378247989358473018619645745691427426	True
91	0.0293426705388357417933324661163822459	0.447432841134471107356754421360624155	-0.000134794629830474472749560279329891996	-0.000187664877183144649497008087093067626	True
92	0.429454908666541305760875731325547477	0.0294111799277160596709759047227162692	0.000163170308431057005006149578940376577	-0.000380402298423016590022992409275746131	True
93	0.119697724302272495592784929075452911	0.0409089853060260619770671658009881789	0.000144961285529644529461418619465258282	2.53395327615286951981882042129402798e-06	True
94	0.574357112090811267244756956161196619	0.174817327765875628779958559475251664	7.13647725916326824563264959189507172e-05	-0.000298785522976246420448514421810269685	True
95	0.918965828270705811292094548873904236	0.0623307976669333918316774728329799118	0.000112753306467189839921457324597239843	0.000133443097739852658424073538214914928	True
96	0.736150186113194113292557893088217863	0.62618626979120411151477994737680391	7.98452257165335837260728279646591023e-05	0.000105170557325898093377770540201772081	True
97	0.49145231254735869664719567916201584	0.99816459179783960982447649381904972	0.000194364845594362015725365715318479612	-0.000334936199818571007501566809712671154	True
98	0.663254203007114357622361674011117675	0.602561768868324803837653273336697552	-3.86008854545423403139340527958406971e-05	0.000445604339199771240316625068342792405	True
99	0.512319571760799398223986407119227215	0.320434975315359845628444266554674764	-6.90241896984716096189611193348911344e-05	1.15769529540928019561633840967517731e-05	True
100	0.197586456305854794267745082646075264	0.0972090473518350640071298996138482478	0.0002116900286663028012294229456586218	-0.000165079947328868238165598703413476399	True
101	0.446301473582940799269640892124069708	0.751420048717509113416617641744554433	-0.00013443679558854748576323626586736997	0.000177931370670123612224855911192084557	True
102	0.677922369390736620303574946807462973	0.77740515918746025530034250220178423	0.000198043481161258269213890516204174388	-4.3464884873428709647412931382099613e-05	True
103	0.375257225178763927583548496738643567	0.617360441136506297346084903583582715	4.44123278022479980362440530212775362e-05	-0.000171754188072555892474468797481414709	True
104	0.0649917445453194052645567338593281862	0.769041496515658117163864413379354865	9.168707158413519166468786330101154e-05	3.05895276021545947938023232767770491e-05	True
105	0.39776934027760652011817347982373251	0.411183153432889659304485877143545672	-5.24921585461518889490086543855423414e-05	-9.92903731000049685681366280334491097e-05	True
106	0.0158115708818534929428814182888903754	0.0214789040062337284817975326311878825	0.000141689483555931876673959225234205078	0.000128834550069214062531467293433137177	True
107	0.218898138725770206050474409951118513	0.786112705391672270651336826466664649	-0.000175553292652992123201497669776274311	-0.000138849161267213218710116100200540121	True
108	0.152216591963242457132284129793619146	0.899787624540982403683947994797074544	7.27183053805810889179238533521007468e-06	-3.88274216097381126036910285721425375e-05	True
109	0.190507520809036438677260724683919821	0.19447296358260749419292973832678471	0.000352220939571643057996693060449699219	-0.000221168555320686557298820423907444052	True
110	0.885277863945821146938450651933817318	0.155603673883808067599483220426257168	0.000103176026881719628637051894299306731	0.000177155359641115665401568296091293083	True
111	0.776675302757299039976915294092026445	0.406063235039713820976379140022177158	-0.000461548640206506275456402782710841509	7.78747536814470121467664391258849939e-05	True
112	0.243248289099915611025220064626052215	0.72178264101301999320450482106946256	5.41172997782076634365686646638819686e-05	-4.00155893535025051888746412011608159e-05	True
113	0.963802686729631052372227141616802388	0.1696046972299032045481722069917352	8.36199567890915785756017744572259887e-05	0.000328566420123979767002620351739500204	True
114	0.889169657024654576377175289287768802	0.482757252316824621984130989612153436	-5.48397554314772365644055594742802761e-05	0.000254845024231373831426730116169239999	True
115	0.49613479820341431546616956122668886	0.509730761015643641791951371456844102	0.000129469837799881555953423923868640372	-8.81940885403616593263350543642545621e-06	True
116	0.869814479765378435180075032716937636	0.383149620236146188877181772029214171	-0.000386834509868171284362230366527247386	0.000382744906709346335819690346747084477	True
117	0.0945737531277336638417611940025297831	0.466041124192684460420070309060436608	-0.000211591989753837128340688719415988583	0.000150801943621783051105798355443792561	True
118	0.00274960742654801646333296602692173678	0.343237788235339039160246154896440808	6.37353201058938962535375571309072774e-05	0.000385327723161245440480606337317812128	True
119	0.369056829696256134736031914991554716	0.795325548528195555890612389326565018	-0.00031207946213155145673541972995830795	-0.000129212970147913841937811890595574072	True
120	0.289694077922531819701934608907091125	0.788021879531483464819800635138960673	0.000147320582917626921128282598069800437	-7.77091910686397033988398499417034898e-05	True
121	0.904947162123210574025231292697349438	0.825024640574986336192703716279633582	-2.6057934602906136464130989192248817e-05	7.15151051411016441633935340918345763e-05	True
122	0.746094304616368585720583097920971126	0.839214686133133096514659838227015005	6.70173398699957001121664643290474921e-06	0.000138787352495061340454246350049126835	True
123	0.342165139961228812249771817676715775	0.708105778882300885862206117713921833	1.13640090219732715528057273178027839e-05	-0.000197653080991819729009369987519810864	True
124	0.155474465828686038459310481689887112	0.338732474318706714536102424266511693	-0.000254922787345380215141737905866636273	-0.000449035426102288547237138227969370401	True
125	0.238399415246396061764694493539592455	0.863367885911498240512903260886738959	-5.33151422027217623576145576357724114e-05	-0.000179610078857098297510158455388469051	True
126	0.987855427494401172333994502475377242	0.731424828100132181954481673421806561	2.94704279456776594415186195963400094e-05	0.000114770378095470689696539620672286677	True
