particle	x_0	y_0	delta x	delta y	stable?
0	0.599958581074148381704525632189648368	0.854637855782083298797424469335742423	-0.000143734218039765239117820079563880574	-0.000315132441245333979332098748363049651	True
1	0.679596772380104062326791243625546332	0.174619793820896649165040483976771411	-1.65424229940997514535049100021924033e-05	7.78729403368024759828266961610813912e-05	True
2	0.415880307026851999463926523665937163	0.324079742627112421360512468366144643	1.37766073389560090322247525567086639e-05	-0.000375115517901054985753086843528775351	True
3	0.893560477244598569560701234709478256	0.909079554418146298376802520098891627	-0.000222251814764196474367515449333954077	-0.000173997665007169858265425816787945786	True
4	0.149029166708921503305222046339148078	0.813733591021481302148949032728073285	-0.000175475374141467078248485089142908956	0.000226567297555753927339874994846256847	True
5	0.521104698105588810761414487200454697	0.684167300644962273477623135511555665	-0.000220306443067476283855986172065706646	-0.000424249995304433644471878580560842974	True
6	0.816219739243902391726660654838096528	0.306837563836359799848081437178971643	0.000150980932052578978256072531371148207	-2.83102068315578764796225445437221082e-05	True
7	0.971602990798281649497416617139038615	0.899059888476897798503468826603173321	-0.000216686031016301419382598554304221529	0.00011500561925708046065768944688538366	True
8	0.194024675095402648171091199806027129	0.276497550289475285119087909611916393	0.000230958367177473004121503993796081461	9.67851488103326295521077715417752212e-05	True
9	0.0917436328640408444996923552092978165	0.392283384890042230033490079427607847	-1.14186010347222601350636560455117754e-05	-0.000212332536935069078997374954131502536	True
10	0.966913814936159901779066267116984714	0.65487311221335674183792091909777082	-4.64208828066882545754515849374509502e-06	5.29385807846430901620999925427682965e-05	True
11	0.297686783356755719013012104450642354	0.622787014387451886826198976543971364	-0.000120642077134580585505653892897330423	-0.000550333193932800753781304760395252181	True
12	0.328011190604209073687505703540539256	0.55523633099575323514641301340895124	0.000890989511319030130209971257622028527	-0.000117239664317004795044882197997076111	True
13	0.0655738666031181563235195170341478992	0.863463980044766780337248741811710896	-0.000186043653544347877621469815809985833	0.000206463742421980929911594419946056831	True
14	0.52605170023938215936768989927074705	0.930689261391775642465452435036370105	-0.000161349895755447268467978585284285742	-0.000213684104424409799477971751233778871	True
15	0.715616271209842947038297332552398617	0.557106299568825445027986253122843149	-2.42415970362395297534280929868360772e-05	-0.000170705347697840505688173733686978839	True
16	0.910860965597229193103203856062300432	0.281886587102105922055019507182459565	9.76293640934412381360669697610038573e-05	-0.000244830221299439662269733925240192922	True
17	0.488868343796524257318894043315473316	0.846766480689933450807289164331376882	-0.000102437362100382041707226737908892958	-0.000298179968712870935762880357460805494	True
18	0.597080224034460387761734152078104125	0.946556835241015121855386089981226989	-0.000137548995819839613877538872355746336	-0.000341048159352682953089550192187646283	True
19	0.635559830245790848594500244517493728	0.29040706639978186706503690783690069	9.8650758377084911652307008537007824e-05	0.000189639371722423310664328136803419539	True
20	0.538915680522049214097404854908904498	0.77178849958478661613385855327854533	-0.000111260304111755088807525621391088055	-0.000380315495849905940401462162263677889	True
21	0.881894323119004396790759026569064373	0.711560914327750749897724740938460543	-8.57991439455025004289532255936161389e-05	-3.81191416075724407622903639089457323e-06	True
22	0.467901243063963691195632861890182647	0.596789586890518747010498967137492974	-0.000114150258586471609667814341520719934	-0.000583288786496953664805017691233871877	True
23	0.683551836148177411970186937666320825	0.405464625787964310010316871160513754	0.000300956552231760778299977151159777576	0.000106471656740557745585737526659777616	True
24	0.798558226949277296561446968290244147	0.547626659094527253426856014060890799	0.000496899518345979464415196925361992461	-0.000138013798770033833344020423981052414	True
25	0.346942451341358090834444516317428409	0.042053951468729762732334330885966429	8.52174731675826169385642986909802816e-05	-4.13157851132864971567646592528519944e-05	True
26	0.686150711209709348350795797849185145	0.883713352663745253230109477714443442	-0.000227061981580778968166594238081433017	3.95319012996053986070123065215130844e-05	True
27	0.272359642648999027162643521704165861	0.0649471877353517452393157964407331657	6.68295239584023807226541003052162275e-05	-7.2842396506114549776603102483531079e-05	True
28	0.402235224833220062402805728942583494	0.860290816969477758385772656759289663	-5.51673320394185323887302475201171373e-05	0.000226075673959826185486167960954245911	True
29	0.425385489193778503820682154299733042	0.671145054772701373992526347585682262	-7.48061085199262625741200059231122629e-05	-0.000317897637166957329900354329407424493	False
30	0.292776352812166465918583433177722625	0.454462958580761676835162488286543073	-0.000545422107303649251488669827547640191	0.000432054739892102129260265268901075489	True
31	0.127682463886499856184301011862200043	0.608618514167119239601499733227766748	-0.000118833805197162046426904080611967503	-5.93068281328575960294649980671638521e-05	True
32	0.334698382944768849023199983066604255	0.943074527003890864803535354670231395	-0.000112205129317332397092492611410404275	1.75720237119684802942740559891309859e-05	True
33	0.632285612282725570012927539912350246	0.0752803153808131119390505488611429466	-0.000240366584066967326461490425176668445	0.000113186593052581134744133514124626842	True
34	0.580116657347351649316396314986532431	0.390811612425260711165097034365517564	-0.00107153793274757412740453468693225952	-0.000346203497598014160836895572750597499	True
35	0.739348722139476147656323484577333739	0.333638451579047093282182283039898417	0.00016101663620035272892883991020174194	3.59554543710863397010322646493015146e-08	True
36	0.212427197978541743670835013701603741	0.635436426995785295757686100974780816	-0.000128556151235733891533143773311949394	0.000265042097810936894252417939589288563	True
37	0.952949148491338972851644261736075452	0.42657725395063963584318590952242355	0.00031338189675055462310420213330935194	9.39278112180907661934876152862404625e-05	True
38	0.252379609168338309892659162925696294	0.557332702081360009785359565395359568	0.000959882632341991058515648802738498411	0.000897064662112866925180661449180287167	True
39	0.110144520380091837334426239179721237	0.259987301055506966921676899062327678	0.000181909815493014873968243335459455568	0.000226595100413558672522550259310652021	True
40	0.814201989262294347730367130923935974	0.473543626968634796045248083537835487	0.000353979734163175642505419907839479737	-0.000154994545231489911188408541636724975	True
41	0.836352375475452821550817505123531754	0.0794262700131542756412833951565493905	-0.000109236096590183224780400707223562876	-9.35451872131380283579060274009626932e-05	True
42	0.0765059009419845824253130373661391656	0.539972171280674849589652918418662226	-1.62746761929047758883815497988113361e-05	-0.000226226732745066073579772663488252249	True
43	0.767335336436429538950968503109052429	0.722127393358800411707596985319787647	-0.000118000659773721438852352201541601604	-0.000143082553278279619318308428180336521	True
44	0.902500471275891567755173437406829916	0.585015269218859669575553958835571634	4.5203079363934767472916181415337832e-05	1.80864281393731997950007797550563534e-05	True
45	0.246929907257875662452250618091759462	0.342408448585595525738500251624195427	0.000451368091320124836642884882175753691	-2.89880438347937666685391852592724769e-05	True
46	0.694616817305957332076671300029661971	0.0062273587577552625521782084009694475	-0.000225388223755694347143128291696587474	0.000133349530243347804828649465026377746	True
47	0.603884273268877418297377275811661441	0.656268205579047137311814020007511747	-0.000122781749100536415354063554049591287	-0.000247351623776496634549299308032929445	True
48	0.570878117377796227467282757373797332	0.467592405154551838804812593434849229	-0.00118816899964666633279201297799722588	-0.000314871127664840058263997203290479642	True
49	0.40601673994347226213643833677357385	0.507798108964919401893481112551512694	0.000235748926837339884819651363920885216	-0.00087316355126584136035522646084589662	True
50	0.74703075022689357632830998634510442	0.933395336811329809528672847395930418	-0.000162152585200357129225709428742370652	-1.22056299124658291641095860142987078e-05	True
51	0.681459647656777746089485699971294958	0.68564913509792563223971194346268256	-0.000110397483036066001090936360465277978	-0.000211773524905769152754020998508938907	True
52	0.650510994079695269957891810707457363	0.495428797583281478177827691762988489	0.000441347856897040790700170952770483282	0.000177234896646968244301776332776722123	True
53	0.147278925850345732787265396541845562	0.715094471538958545415678463741337185	-0.000144452821947577345974882925085332075	0.000251802936811160383645397676967086383	True
54	0.404536678841366369405653062220069104	0.12737866394050645890348213700683936	0.000219729065504853551336830568045086888	-0.00018314802875805477630080337418766785	True
55	0.00890495626780672811329191514190101741	0.235960996972941727688149942027550493	0.000209472784292171888409335007395211764	-6.91287612683471198367610541104452475e-06	True
56	0.574464980050165111363723677055530566	0.563685217409903040111242300103698079	7.71903492175030352623306525094187266e-06	-0.000302975769118803682539022939404676979	True
57	0.509411469568542229836347978513570263	0.085882492360464472747104557141251733	0.000336742850148122324212900219679750032	-2.4732544588690526835485755919460881e-05	True
58	0.84291572409187268443125819217297147	0.983769762019405064709502884494949222	-8.5769144334383222518511270631435368e-05	-0.000106341689176648484011370107238315103	True
59	0.991273106658401024229566073630118647	0.813431904794102836981761183035652297	-0.000149023708044177544521275522571174673	0.000117818405235224583817711571632011213	True
60	0.435043794697577154271099813507306427	0.942240273168007948496989206421230561	-0.00011686255815140365914115926922040281	0.000232059862507764200293176168281631519	True
61	0.211184400451344474628716172051675603	0.507611604367564137827576722856843857	0.000103151349817346125752687062817898985	0.0015925602378532316755817012839526	True
62	0.748758986732685341122185520676061859	0.245353765810293258496350488646475561	4.97885410524784374509210827600399971e-05	1.2549955571064757715544312443571305e-05	True
63	0.824936621882630228993620070468293166	0.879773205392969438925166279265042379	-0.000235733661081297931974795637457632422	-7.81173901765157455730566705746343539e-05	True
64	0.267897135373911228719393660055143543	0.247897395317821941360182976401871867	0.000135467172942412796535105985486636971	-9.29414939457440916014596601297748049e-05	True
65	0.325754777499510119041730310585537356	0.854756978097995716252512116497997652	-7.24401332403486663020171843023808467e-05	4.24610921578070558071862000380614854e-05	True
66	0.937721354254496648948696247200881993	0.976453508913750738542980659962567942	-1.20902178882164600626325856296938848e-05	0.000236415177684605350270073666558039361	True
67	0.738605498832568486677466807034427141	0.484324403199727215447943828834026575	0.000399814456083300873546116554309630757	-4.01363201904515592111942898645007385e-05	True
68	0.476594995614696377741666943685336537	0.220587852320035536060601740646679392	-1.71290259619725513082875391629309105e-05	-0.000116732386908793797615431512306386048	True
69	0.337023969470382921062576593331543791	0.352934314344023576506106359045409837	0.000416983727813269840662015674182846367	0.000854269349345800007900666638626812211	True
70	0.00553825251959008332823184728886370295	0.588748999002603625890437542186010875	0.000158546843703138283657569003697174015	0.000112307227950418851061789407808846842	True
71	0.0837177223599576510914310858835289199	0.146365895402444940005924183373718652	0.000161984464368653346713568461241891218	0.000125990199793035075773894465913525423	True
72	0.778445147403689526759101756964360038	0.147626988804216878791619631958232414	-6.86022243128744757174144903637745895e-05	-5.39719082127544969160806653026827092e-05	True
73	0.818380428318871704370269334339276096	0.795166007997454050410811154914068103	-0.000208585282557141347185428394272809286	-6.43497244107814254318278093068715498e-05	True
74	0.974439825502534171529279203837975303	0.510449253529507400380348892128678999	0.000226837782148408884133219137419212027	0.000113271490229728692277021139631319174	True
75	0.181307918792428161827341698556414721	0.560972644433941853827322487479608994	0.000946779393035380658796715787264998899	-0.000154298775449986892060766243165208187	True
76	0.293878418363093140556310124998247932	0.148889156582768811527788004143959933	9.88256157908884626063480639689184511e-05	-0.000128508796430926728772022087919801651	True
77	0.0890078364637015678469552950129348691	0.95560159519171176112258648185638594	-0.00015650702087270660385851062556299161	0.000199719280482733760265136844450681288	True
78	0.178508036106767109485481942189179977	0.422713686207131853375546613515591848	-0.000258173975013611305195925495710471281	0.000189930340202082435804803891847091633	True
79	0.221241001950981711759055408523996928	0.981220227165119267416042255028851711	-7.86359009619945371931191335004690901e-05	8.25548096932176378853769826560030894e-05	True
80	0.49368771573771372311042116406190745	0.422630616780944303879826592416308276	-0.00113688901626337910429138675008731644	-0.000423411297466624641335838639413149317	True
81	0.149820154085311883764480061171628733	0.500974997252523204370227797476955543	0.000222782926708192249571244198307853525	0.000254297441448016471648071228399668242	True
82	0.759209770947293374837169129496488513	0.0500824066225493680103442339461725718	-8.87411296189290219766839321534923839e-05	-7.11495361988426186529587966830502028e-05	True
83	0.0552371285932493486471707751113423455	0.6644331789529671976720390993638152	-2.27029569111158831663027418142486413e-05	0.000172610856716924805312668975361269472	True
84	0.81449911164926391654815604671016628	0.629973645431286135781268133534307418	-2.90003594178315182751500112519259598e-05	-5.23149872730349905889580885994797102e-05	True
85	0.561904237468274570940392597721001839	0.00521603905985329001092787744581440087	4.89500934223024640520521559062163801e-05	-0.000236614901960140370381715990249030236	True
86	0.36949303777559086504113171568939355	0.233671601131583812689517067018036798	4.93105028889098128056773551434627855e-05	-0.000274572239132623878214496393401661831	True
87	0.60655325350107241124374144046387293	0.731886571578499321362268462425319846	-3.4180432573391304617330353231480948e-05	-0.000250378156235121808710133481444978229	True
88	0.662661877454637121296861051596748368	0.945416008584211988431586743755188485	-0.000136342012124556405332745680399158349	8.84298487152724918235228871480551585e-05	True
89	0.833642593478720872652156339232373103	0.228456596257759511816752713331028402	9.8512974678539357526274435633791973e-06	-6.75606192889981391601153712505639366e-05	True
90	0.988325445202361615149049066206933684	0.114521933063358812814466832592396397	8.37245489834069532793211266307971853e-05	0.000386002358088049114365250536719424939	True
91	0.0295708349367139986882267053563114062	0.447622836546856054092245727783848208	0.000329341050638481083724813484202357119	0.000194229955569552949011377814741772162	True
92	0.43201020603434337067714619325398558	0.0296024252324751044773925702326359402	0.00014573117340091180543414981177181475	0.000238765648104780085532379383612691167	True
93	0.121120633284625235732163581819943894	0.0411243797470705813804915304901016112	1.65978692764391368207352704373167836e-05	0.000140353179329359657683154445625976116	True
94	0.574440691031432374134125197373456795	0.177314681624731473398657864617209914	3.55983994825427776054636421561547882e-05	0.000204738954724773253201104275969973509	True
95	0.918233767867651361207341347757279294	0.0606266860397669016216413365797032158	-0.000132491067795770994164474714729071594	-0.00010575511751710720030035365128370338	True
96	0.736258368106583532562501063333524646	0.624263572272916916373486936364245258	-3.88574836553669894842343603720132151e-05	-0.000162141009880659308493749961210796083	True
97	0.492984257132217124744850746030658867	0.997065260935701100205440712052448816	4.21168138191363336337338822800904366e-05	-1.90906640437031422936845452520472249e-05	True
98	0.662461275035251981780768980652119527	0.604466062725484057692386801713806022	-4.50337114918671153451578420652878765e-05	-0.000193043909220818479990057978098352824	True
99	0.513630742578743534061190221916808482	0.319380042482180607096092325218344747	2.802720476566255173095104166063153e-05	-0.000168775411477952613164865854884537517	True
100	0.19996511020264470631087087919194232	0.0958525933902542519862864295654901884	0.000103939566143263216111149304537248807	8.19342572828185879730044393386845775e-05	True
101	0.44470754841998266914544017999112047	0.753306581653287602096630294499882734	-0.000101425620258583080730393132679006314	-0.000273398115267419256406718508218798059	True
102	0.676853276139382669956590220713829705	0.776521158405865872885920405803694735	-5.55571300181626589169455954167129868e-05	-0.000218503915469865242507601257397913051	True
103	0.375387459575772975181291909119931099	0.615443066970025313983197495970316035	6.85795603864033451192685090057366984e-05	0.000478987277955600094883251457129503751	True
104	0.0662390799719746160768021528104823765	0.769051185220321812193006028536817865	-0.000166824703136772257720121084566244871	0.000210908288561345106166074528647626843	True
105	0.399414705268034044773949762354530915	0.411004234254693051158721784369578475	-0.00109677020039333652475099752864997046	-0.000684114074816453799291897212766690712	True
106	0.0169479490790657002091047613484249421	0.024790009599261177239487449026347731	-2.46232517693214391011802692956229752e-05	0.000329921181592922070031973076519529788	True
107	0.214543851720733656140998583849943309	0.783562468992878848320908123433030879	-0.000188857110372769722437436513367794349	0.000229917411509312988225461870598001835	True
108	0.15061628078621913715098134318809629	0.899402859153316249849287383027734425	-0.000165106599846874718861701276792228458	0.00019368913499354868920633254023259753	True
109	0.188501191909108282421545876304193025	0.193093639266044162984175862689726436	6.73095070565453825990465755784148524e-05	8.84595008372126056979983610576059548e-05	True
110	0.883817736329045114327096862182416622	0.154003681021800310256173390275368735	-7.27946431048203787227145192456511008e-05	-0.000112948356410348803093480261839257063	True
111	0.778617721854711489388644192143547235	0.406362079933265745546992780845728722	0.000330318337390454097036844160331555089	-0.000111144979908967678688427134683571995	True
112	0.244212865416154937660975661503269998	0.721226284902684664398686137007778204	-0.000213219578134957760535315965820087827	0.0002365008924699946498944680296950661	True
113	0.960921842564910435978260529986145695	0.172473018752533636700188361982479101	-0.000170698845891636216429731392878475565	0.000277165769494495045086212076277004202	True
114	0.889512493529666749235424438222635138	0.483711081433252636193277631950309257	0.000291055499426855629061989395147668516	2.17884203927528920185004825003874159e-05	True
115	0.496419487181793230905352550004734041	0.50995720166353030736029133369199398	0.000196533050709009030223182089378882916	-0.000491147606432072424001144814012347562	True
116	0.871190407359621486725751448606897345	0.383184507067925727383034096297517529	0.000369938233591389673506364432340878695	-0.000133355427065247810013920939928540545	True
117	0.0943919805827722360029685846940337799	0.466578304933367435803571974400034495	0.000462513937610408646213025422589313969	-0.000178296061277532353201570016207423456	True
118	0.00357156763070844064538818735323376188	0.344017923455936911938345961359603768	-4.92664550812960920434430733698437135e-05	-7.31206213391485408429428502235102432e-05	True
119	0.366322608342908213459451989125312719	0.795587956215674154791549951525568265	0.000112967356560321324605261288868819502	0.000151889034710404190904449970966617771	True
120	0.290875339684339844293125193840377628	0.787463448670792424163658896413680179	-0.00024321637867313933459832693935008891	0.000189832862789974191518950188054189773	True
121	0.9036230560400801503791816458510849	0.825574316169740943234556978800184334	-0.000177988371578211680192457118047577128	1.65002783915142237761679504317784379e-05	True
122	0.74496580881937620359881289673642374	0.837889762552654734221166110546428451	-0.000241357051249812143237820460902778436	-2.34260141156017002801360731507934581e-05	True
123	0.342754379851218984986798739308435447	0.706912100989463226091802866306224941	-0.000274810666977614106041157645157991205	0.000260119000837797048519576776419362314	True
124	0.156547465063956447289733204946773715	0.338848684854364324266074014895101579	0.000368034701165156371097948928053395936	0.000150713109341233500644244982286494424	True
125	0.236004996350760739910672612750164729	0.86053589029571223761857116418427046	-0.000127212948461706589295606579517503377	0.00019634768402059509592148298701522119	True
126	0.988668389123661531364228082317059493	0.732279220613902792008184251923571966	-0.000109514541135198967800255025581666188	9.8854339647556762014381238155409511e-05	True
