particle	x_0	y_0	delta x	delta y	stable?
0	0.599859708093760471143101179937327075	0.855592141487297809867717267466335278	0.000316688606894429118023162776673856187	0.00511472082301934021302779718601135118	True
1	0.679547441470176543400236692420835516	0.174752687707260305702843817810357398	-0.000197399491964909983998805146622859849	-0.000235630026102114409535777145428315691	True
2	0.415922740804608361410010213058306821	0.32465265668019624189606715379016331	-0.00381817223982809866111893235247873942	0.00116841935388142216502593884398351204	True
3	0.893757987588420440393074246483841361	0.909237387512300867598540128082036399	0.00245305132171234992284688111462066431	0.00634293360317255524933327537781359613	False
4	0.14889631928109928368308873743242934	0.813221269299196179000439278543844271	0.00190114039439112473909732059520164167	-0.00435543493936023055824980771038902063	True
5	0.521359921509431070267844803261264956	0.684982486304548962361738547250367015	0.000913162209348637249028276478178743742	0.0035930298289271511563065002995639534	True
6	0.816084255684719536696295096134350695	0.307063793507299067207127792561877787	-0.00373370794763583573355708567461991877	0.00532823084777750532275766775939689453	True
7	0.971815346537579844504139851124958909	0.898970379051946940757507010673931669	0.00187487905369806476358030048537789064	-0.00161165533113290206882220761648958152	True
8	0.193502792934180882070287163885347698	0.27626113089430230510160096793497258	-0.00301017661368991035539575669140424733	-0.00275364496763785003290246012922202335	True
9	0.0919228877149005368516327708100312601	0.392670565357892290575993835157910103	0.00245859097748361466270639712897145369	0.00295086601304115503837002708918860639	True
10	0.967063411357282866875076994710534527	0.654565673440467590691559006470976697	0.0011621985699664980774837882154766262	-0.000427307741290965303743655716617020427	True
11	0.298099613549951649564783765501593972	0.622832478504446704811754673160626179	0.00274978054026470915782107277790166508	-0.000245002412112310356381234769416305918	True
12	0.327591433060384926902195209133143865	0.555146853636637349274707198283722401	-0.00261247475421095482359787918799617943	-0.00188932209003325322057651909553485298	True
13	0.065579458629173793011034828267630101	0.862973949989198584041422801527475211	0.000717149770342995419052332497298829532	-0.00662717897344155242651310459827776748	True
14	0.52615013357400739132582993975796337	0.931450488836117060923727232127562585	0.000110027666251363174828252204492417826	0.00428089631904277127168425270336634063	True
15	0.715685305959775641705010100143882856	0.557589175691648731391903913467422851	0.00431414437632531492458345941838942705	0.00734627932037936506241850744080576276	True
16	0.910730889772920028092450233887929513	0.282425300063318850935519691019067765	-0.00240889396849321822925522662148971165	0.00959478147723218769185176833035833294	True
17	0.488774779253932483524204733761743219	0.847562244372193885324518533453741604	0.00110245607343994998851720675608888136	0.00358138294203685803037627797305374759	True
18	0.59717065915384959358686266072653071	0.947610383419942728860584081160850845	1.39848794237353911501569197918406279e-05	0.00519851994413903129177504371591256635	True
19	0.635541317143094888381894726898846502	0.290401750029159778198500602795634762	-0.0037454361041133764920583660903065415	-0.00202303218470397091571692367296737331	True
20	0.538796889277785660950120672765717846	0.77270524055845550884574029797736871	0.00212339156069565233177356943963813299	0.00360347469998677454374312880277676712	True
21	0.882344756303269178241155276464671129	0.711542107403484017186498182671840963	0.00104041819963510300166334656172908077	-0.000894379534568659715023921474541844884	True
22	0.468283526494187028783604328529488737	0.597426724246177136138570014847687667	0.00258783846023780872104870708858400627	0.00247060757790714935012973533716035407	True
23	0.683429622906037342221053228460024926	0.405602429886250732436112257032571913	-0.00761894402913324258616822053406889619	-0.000299144056077474321071646465637708772	True
24	0.798428551580442789638739970117191294	0.547965039048981502111524950564247644	0.0127594127997204121412265153714896351	-0.00254626641752200624956862056151801982	True
25	0.34672818854881662512719873280867444	0.0425300810566219206908678707381820299	-0.00544691095760305937453271651469510657	-0.00128826308544608299869261052126018766	True
26	0.686483728085373908779908086754193341	0.883097826107583903231667397271622422	0.00179488544641236781175789196384265009	-0.000871109035917052742073048730798073006	True
27	0.272115820916897255125698149541177101	0.0649171969687646607825313107998089055	-0.0050337921478172455286206008594140644	0.000527839131449695686451789314375858726	True
28	0.402132809749857854103128513268342994	0.860299078114642324906608470534826437	0.000432416469881021967688170261654269017	-0.0014339854359979602355946923476537236	True
29	0.425409870215207803959652112443946538	0.671240040359848128914647042926138217	0.0049946064488614255348149773096138466	0.00357208313103508242131008819172826857	False
30	0.293522892411352852480801226715685803	0.453847305779862075587633884414702705	0.00408192779651889866910222609204251103	-0.00428289454350957466808250855317986454	True
31	0.128145488679929013879536338862510665	0.609225538488151719585462543935923419	0.00233737696707364786011292307444172776	0.00279074781419497142497062084178310747	True
32	0.334793534911599651003384183204935852	0.943406687850148068641182124090912656	-0.00025609003059616008029371165879843838	-0.00159401508528282678675221632941955578	True
33	0.632861683284104670985286068956667503	0.0752153357127709462145152243907895055	0.00603785565882169995991458609488588887	-0.00295991348642890745631431626994358789	True
34	0.581141469209624275547677348173830415	0.391122716231365831961188906596561147	0.00404157381954447118242277019051827292	0.00132350237114707262692881168928473843	True
35	0.739262908361075448991294255650984075	0.333795845892611690524997427720451744	-0.00527682676742902275770881776185342531	0.00143915623905744775073851566874441782	True
36	0.213050373878910152768648269766872886	0.635045178312345229352293545105988315	0.0033771369843123938987329540362661131	-0.00407460584351441259428429377676617349	True
37	0.952923964245835394019702894647768083	0.426276596392542671603433043666693343	-0.0021370994495811898556572947663111133	-0.00103535561125268013920735147486058796	True
38	0.251933825730916394166951765805570469	0.556335327149626270210576568108076925	-0.00304971416141549125424305254054167984	-0.00741528648287053778227961706821478415	True
39	0.109656005772022738372300741509960912	0.259621546511680391696432785030069074	-0.00368978459243345233320948204754153477	-0.00702577472650892799438519727454171447	True
40	0.814005205752465357474267415272219715	0.473915880489756517513244438646701549	0.00155334715189130766394356820120251119	-0.00407391067575077559841721709812799999	True
41	0.83627564047195970530081957084346597	0.0794683304743415914222635607277594078	0.00214856801692703453797440858006477607	0.00586769663820478721895024055839675545	True
42	0.0771007284198270690499805213721110346	0.540499468020044217014448363134592701	0.0024134214694700894549946797491512171	0.00335986551640836717550453010124012664	True
43	0.767852388135255967000088156446414199	0.721550981315632957780912403821149283	0.00116430739892695358076293447881382796	-0.00260024287666867363428057299817749509	True
44	0.902268922950252713823123514628045915	0.584785547578214364098618434273661963	0.00163805711510669491998183604575252945	0.000337702997401138375019193053784615294	True
45	0.246327803539387800474190621825328959	0.342297372280418213273053984225754118	-0.00699153530771948146596855424918232712	0.00042053226918323846173503161877875415	True
46	0.694606309910519025928962470643767798	0.00566727193417418259929330063862060767	0.0039982773130780836003521980720495473	-0.00458457904499369026908473850823726598	True
47	0.60394501981521730738617311437699663	0.656629849033935705616410191638960094	6.57511245090219043902963570180689014e-05	0.00220315854525231179333241285719374045	True
48	0.571960344374461414896166031569881667	0.467869707381913345107051697154496584	0.00520332083567561782188501237985733726	0.00145235343147667294709840944408927186	True
49	0.405993862861943049441525643760015159	0.508677923694046460318236192122265762	0.0010792347336864111618135062970249455	0.00288258187008868890960983034628208442	True
50	0.747109835804599860332508793954661665	0.933117452822336273678233505317631251	-0.000143693277649213844352049004522637874	0.0013974067836175784113323825645768205	True
51	0.681483829691401905613710573888825216	0.686188751427795182621585639705428083	-0.00171547315041047605148944102238851714	0.00586465785750279728975514402661978939	True
52	0.650401340061437907791967750933877073	0.495574118927478409545376234618205024	0.00415607455312107529306347064614091019	0.00335341632842830767927208895434210646	True
53	0.147779547589406961394842992997670694	0.714492054044572895921687494218020525	0.00342396179215093381473050612814143344	-0.00446708042993746237226025043219900684	True
54	0.404272275515165684978156648579907102	0.128034557364316621459762499939564713	-0.00584110554151038733984148311282117147	-0.00129268314360437688594987934256947359	True
55	0.00837991453990718043565298694769716225	0.235805732862918217141798566807737403	-0.00614705293405217976703733780981412275	0.00175514106905364910858053795368418832	True
56	0.574583422847040999108160244730015983	0.563950015888928576075887364803885639	0.00242017265092633604622054981214696468	0.0014469661004231291660246547299974367	True
57	0.508745269701127596494497890754073611	0.086243598985499980861812155280230392	-0.00596985123523768543911739078064391355	0.000693565757689671459516616857021063741	True
58	0.842866994412321474541561005727717934	0.983802851720420114955908612123308377	-0.00274413968475680879718764173408686912	0.00588325601098537585772318682583251018	True
59	0.991110810470237549926052415382890941	0.813232207679340236578560257421685157	-0.00179496624966306465047859163497950517	-0.0016447289032458396794623642509468304	True
60	0.435127271461226014304949916461758749	0.942236898409299519976219926757427565	-0.000350791003687404845589689225506905487	-0.000991912334062896466874036546661788399	True
61	0.211423478420883830264276140250743302	0.505946980602968302283077401578914969	-7.85180217847668711784802209753228449e-05	-0.010103757286992003368352217561107495	True
62	0.748732178555737567016401461521879189	0.245430251606687906781328686092811002	-0.00146830656579070654502638171358532326	0.00258239460518408014574841086466842465	True
63	0.825108127651319504432926140131489712	0.879715826987430641162083578170269104	0.00232659354464594076279306579709151346	0.00488686716607385760343799097816252014	True
64	0.267415815922026775392860756311251514	0.247796519103811995248399213555594311	-0.00162335926549448569199417057036207371	0.00153732794871179180940107577309467058	True
65	0.325693456965969805669339011221108119	0.854987192989369056644327883529969271	0.000358420024069569578589089282367905914	-0.00150985165654251946485656235998414628	True
66	0.937479441627898527591117882523842195	0.976092069363792174311491778509366239	-0.00453193431646332001543346582258595122	-0.00506974213743093934999214534254895684	True
67	0.738438864586766498055037881226973426	0.484674681346889428929735404122179759	0.00425693761453634205703739739894732471	0.00741038677874182830920667543305014776	True
68	0.476276588660043230939273204252203027	0.220223274007077366553777035907099198	-0.000616180181739835465738893036074592681	-0.000740641292354845730124800272505788866	True
69	0.336496559412236524750950117435475679	0.351686769098723082808783038492310844	-0.00661332398191752816388740604779042588	-0.00879734826601960302127665822364057046	True
70	0.00572349700494909145399687322884735453	0.588500826091878629659407179963593889	0.000332058825875315757122649228362320655	-0.000608520260906819626658229864611279214	True
71	0.083058136850372427575365972193092721	0.145976519152039310212634201527584761	0.00265487308654687115266870486943341421	-0.00676893216583004115548183017593022656	True
72	0.778278509300207187028852554010508323	0.147569748292642504988798662238613528	0.00104188253578800934373073762259551622	0.00409232331665527642557832066986862571	True
73	0.818622115182133791064705854055899047	0.794930555573336378081344416973505196	0.000364928348940996294416487805258377879	-0.00198758817075333043278149558508271102	True
74	0.974224428364740992936805250386123479	0.510275752034958762339255117284400729	0.000734190311442911619648116498988805697	-0.000973671433311173081239726451110407405	True
75	0.180956144075979977997906477494071163	0.560934180836313778146057707053708434	-0.00229531261904728996776134743563526624	-0.00115362904181305617020367448842852381	True
76	0.293776157746738407386096456069075694	0.148936695900853794067081955455156957	-0.00459592151276689509311384016735707358	0.000790680413636604063296546303580491601	True
77	0.089053564151092047494701989612848921	0.955159940024708509486739184961014005	-0.00292639111546708862360721807124040964	-0.00681370062296155326010360718581180078	True
78	0.179013597311324465532178254209616956	0.422402059968333556707720923765496897	0.0030343976151072487902884469541802537	0.000392223307949139872502604704679161374	True
79	0.221175546259843245652391029914274601	0.980935512512724618371248976241729596	-0.00051087390142295145960225757232834757	-0.00267420740527885015758780421558059169	True
80	0.494844377543253408284849453737069472	0.422815094305236325748540126468860763	0.00510702814456134127011114247207722749	0.00224214430141363930307431571377832967	True
81	0.149962509681167227490855746434843558	0.500617410117010126763929414548621248	-0.000642313060273883188994331245855558094	-0.0017938027682716331548237457508074284	True
82	0.759104385112575816743364450802528661	0.049873265968053218874985338987338763	-0.00364339490357927935933850134959398663	0.00503586840494991023757250329161242591	True
83	0.0553969853988386998712072326023721447	0.664298651054159197360727873232322157	0.000886238525824637413025409819769930826	-0.000453440431153894378994186067006530891	True
84	0.814547741719730436830178191848701328	0.630255180703344490544695614272195949	0.000805301411717093091054112757580252697	-0.0010689271148545318290837089574639458	True
85	0.561674151665593113023358667073913007	0.00603545264736353197908201585326025259	-0.000727521334207236585327099361438309769	0.00467552535846279763017453932620227844	True
86	0.369150528819621118993397452871634517	0.234264336394550145839165350047465937	-0.00156247297906947132532800555366895473	-0.00034112719654834992511788189757491496	True
87	0.605996787245600072893923241154938335	0.732299627523184801466461848304597778	0.00184238185635760549030433249222994271	0.0024684432841743652647620815061450219	True
88	0.662697237385410850205858918248796059	0.944675430757238367849350515204043727	-0.000668565549618054592594201512380755122	-0.00202287511569281711297743596188164121	True
89	0.833596078096673274424420926582764781	0.228695581510138232818083322365017241	-0.000327994402951728826013180405334408725	0.00596699809569767874123340804646859694	True
90	0.98778062438669689225470890740813337	0.113710395502173169289512970015436729	0.00283828143352576238163309058368395287	-0.00513198783362893078984934352638390809	True
91	0.0294269679984856663069129744631813699	0.447559856808926475969467224549942915	-0.00168408121585097741260701258805467951	-0.00276590251200903192793643821813400329	True
92	0.431600342219886863592863482552744255	0.0295867836538022990181880200011707626	-0.00513148835753545756098763813023613843	-0.00107872193879594954647660998382922427	True
93	0.120990183099006465487406010098846134	0.0408049964224171676751309869898565286	-0.00309095059971037492624726803484204369	-0.00768350220067727169221080946200018739	True
94	0.574379554569669357284173915248198302	0.177267926058235864568308116953823564	-0.000751413326918890760129375006782279376	-0.00336294909495072431586028915719902979	True
95	0.918298893005496171901525934687706318	0.0608158979121123181620559132911435511	0.000745004497797137659020080171247592233	0.00320271853251770252194117541009884861	True
96	0.736296742178287628452558675799597881	0.624870112423327155838460242578888041	0.000614743776218465961243595346498205097	0.00830141965603133936487419286580457904	True
97	0.492773104736608428586965560845089473	0.997596912871660718727988396564303939	-0.00357584323967038852861368589650864395	0.00199714251979687336909869978718413632	True
98	0.662542372107838585100386310626441933	0.604906416480065762160440773904807204	0.00162431521400028635215182753823546096	0.00408923303726538150084921924085208057	True
99	0.513587265964908773053010029011096572	0.319169225180572074361773744416376398	-0.00359729304507356343243767116223361652	0.000749102578788940272837197438430814832	True
100	0.199784919061941065283576572834664305	0.0956210359640631777655582153680072866	-0.00654859927267959179441829842663405241	-0.00333665701761035415762799284598389942	True
101	0.444708094668117611981827421866654233	0.753914667376182538935406067624910753	0.00197216142325278540998860078787245188	0.00364475411490134599185865071159475807	True
102	0.676221618789109370528656268725647955	0.777097998394855743968949206354759342	0.000174611493821089036843521883536719267	0.00566479626873823999778033571330400713	True
103	0.375623437167522953482175944134818273	0.615027953919401887202842813934628459	0.00148430273332032998213444280150954217	-0.00460310757886422889421260226818266677	True
104	0.0668404282269823369293345121823504544	0.768464182265947087585305671494806604	0.00272519093570703162314417522573513399	-0.00627557774505791809422744709877824574	True
105	0.400563247464285137540930228475115018	0.411777208608302907372482714400437445	0.00574908684014655951415237793431460244	0.00239550714622280898546939842611399805	True
106	0.016850335891728374306643646225483545	0.0241654381152440458590158971406525336	-0.00339133614227215967113446378763952085	-0.00704253189936889453745316877168630001	True
107	0.214302918410821521238556269380489075	0.783004938453728021385330636131279136	0.0023918613193804296809933529688904393	-0.00403069038902266509738872521329980447	True
108	0.150615828235492168451307548278868754	0.898952701849072905257841371999212143	-6.79477066302925442966367090386948918e-05	-0.00393337406618629882171318601438900768	True
109	0.187958721926136853817947108097679689	0.192838180034964773565619444186739445	0.000631716584475114284772697438212920625	-0.00250040250945379452395827651963559042	True
110	0.883614849789043051943063503651332679	0.15418788648269959690838312850657964	0.00140297243172611565031907212370829686	0.00650759146565621024790942328722702573	True
111	0.778358867900142170006123739097401307	0.406701028810545257841184670950669869	-0.00787826122078726532232147033798948019	0.00232993947803948096346053320653692047	True
112	0.244672591125287724259036990715782831	0.721014280195663396985239819161687585	0.00369853068605963831008044982882828136	-0.00379666690760429679003756323576572809	True
113	0.960887317493666076420671546276997308	0.171855723125582855238681059040016052	0.00352447247523335604018087057891385131	-0.00480132971770410314309901641303291735	True
114	0.889405806085833655634750493509497504	0.483260919985640909689876678216813689	0.000360523555095184241672077313728904261	0.00127205298232080985939478821967698184	True
115	0.496331551538828510638526976050309822	0.510334754013641118494372232727565805	0.00144729989991254679745735248726844256	0.0022559978916088860948906061476973981	True
116	0.870804727892167500441521334704308385	0.383647862759617064644874470611273619	-0.00658432006089485371444030948227834185	0.00772590808368611814225723858211174578	True
117	0.0940755556845456744615260322361768003	0.466968645086405911459524500399911137	-0.00337209350094072765068879895422526634	0.00268665726075550217284878096443077606	True
118	0.00392592598717968208925130533089722627	0.34398405712861081914103202153336776	0.00273678853912341583245659988069700845	0.00192977136863217515784442216916050459	True
119	0.366030418596874053885785031695401488	0.795647821906721154817015586439666741	0.000123720176438075940403442421523820668	-0.00131827276689573642405948974961285881	True
120	0.291343771339246900402147039797237978	0.787337731889163072934021477316151395	0.00205279282761783382838423986800043546	-0.00269891011905465064064679467462850715	True
121	0.903663186617091647673514772898038272	0.825656213120308378519188841977068103	-0.00102318273017972634589682038373010052	0.00041969719675402620349244594952448586	True
122	0.745298157375832379531428939785414541	0.837487526446235827038106592912663933	0.00349484378021435446788311199254624244	0.00189024456442443939670957284799271078	True
123	0.343171997224056999473505336458657981	0.706704748395299717549509526060575314	0.00461687614720741470919547510062031033	-0.00226424478066631649668919126039262906	True
124	0.156040918025589438984820979967362569	0.338598958510513937943990049963379882	-0.00655489570511275137917318773625029953	-0.00570430378151319265345612369267359677	True
125	0.235935597363316811572677624445802367	0.860042474643647640169097308740195899	0.000546422282468238874015018225099874447	-0.00316690535269364684037056592701511953	True
126	0.98903850966553247308096040959612313	0.732047574099252465796607625769268383	0.000775048914236835272025447972535246903	-0.00100263805865357227361725413178699529	True
