particle	x_0	y_0	delta x	delta y	stable?
0	0.599157065899751052622754359301848688	0.854207289589458358441195365308171874	-0.000792409130196799234202410982543521001	0.000132232515429837005549533629110300738	True
1	0.679083103378973216871393068209841557	0.175752462279500786831928102072869233	-0.000127577868837024660159689432845698581	0.00014029562309341722305049139439683589	True
2	0.410243128795486174676842745069075421	0.331867219068701344549780887104539892	-0.000157517705701541657830730538129290358	-0.000287831817874751451522794426981066885	True
3	0.895255188400149021490469180465576689	0.908550875759956998534743596495425555	0.000582610440572666589088692566745524349	0.00162014231261720601199385250840234283	True
4	0.156582151036247127101571105859241679	0.8226007990475968866042168412991113	0.000830971178463132826733750893217137926	-0.00020776825546597142274692066081833378	True
5	0.535580258182216217053936833416803232	0.675143391323634780280782742959930495	-0.000425948930564792482883287087321029479	-0.000234257356262957225137032351975588053	True
6	0.811157281649267108060445552678821428	0.311033404140853185196099685319827599	-0.000189854904852608823173812726323387486	0.000693154082958032660588343394753393545	True
7	0.97477043936229432528270849039350646	0.903142858068821223841657363331799514	0.000484159823163765831890289212981462641	-0.000123130824417329702563766540527051208	True
8	0.191676777797977760914787197322125367	0.280749666455529462187795675982954574	-0.000778047223849314536127522444558927638	0.00062636834645690203293824257300230695	True
9	0.0765769031371635401249525176117288429	0.385179885101022040093141547981398354	4.01984636139942903808996957369561928e-06	-0.000100096386155711981589770899526467467	True
10	0.972282736034664256157005811165994535	0.660138835480422598219727179223625822	-0.000281278840681228950802104550553300734	-6.63067042831659746377299848151888442e-05	True
11	0.288828990051173866213277459280314778	0.627557665294789577639207443252083477	-5.17184345578475953433471238001904521e-17	5.38783987298963567422186526468534767e-19	False
12	0.322292239625288724257036884209235907	0.561593253617957487849876012296569975	0.00037487213019014621551663465548742533	-6.45810035225085858370789529664406902e-05	True
13	0.0709589712783395469690997739584493897	0.870421385984295445533985263034537078	0.000528274012705017262255428085308408603	-0.000429764791432061011190171502871076904	True
14	0.520650373856817049450388372107452028	0.926780958169198605561759961048400944	-7.4216843107065377145504695690155847e-05	0.000289830501029704694747883154180347136	True
15	0.729605603228225819565082214052548971	0.547249409385384309407133559109981794	-0.00107598081124635794758515293539272643	-0.000778302514031521025123172976601745528	True
16	0.902113921256761336380919220081138848	0.27197485691770216645017897094456045	-0.000356138569451230542803219642855082602	0.000190516806583854739918294928138856704	True
17	0.487919273740440775710297743714103467	0.841290552992247771652319853742412803	-0.000769826208667457091792252831678949338	0.000512725043379135029222603350808899137	True
18	0.592361578709977790504859150658204637	0.944860907949557477675838615804588886	-7.43615649660862175487400621378040915e-05	0.000330834778119115011188984558727741078	True
19	0.629503400408204773328606434091280792	0.288480838959749360902695708895988815	-0.00017096599021412942977921781738574352	5.45301216059789518110439954795195871e-05	True
20	0.5523153653556708285809722523477214	0.763222879920391848307605265800089905	0.000382148918723688305112855810345850914	-0.000483322830379333370986108444348070082	True
21	0.886165180373766422099887189395513894	0.715343224108252787516094431132916287	-0.000485892552953057837318879688346192666	-0.000455004419324910679538532329218521772	True
22	0.465616615084844953376951352511331584	0.599204707231961992036975709237881896	-0.00025383932799663783604356810720790326	-0.000187181105572582141036867215757326941	True
23	0.673330331579471485764341939885931215	0.405075132696716906265125416939380391	-0.000660999246230416569593017075699658192	0.000194045809100872537352701124703491882	True
24	0.806941562752265794641430052926200508	0.546067126646033739614386798939374164	-1.44287363164944465167090464231524578e-16	5.29558864732999880456285688502994175e-19	False
25	0.338639421299564005190893957387601075	0.0259466217073438971694707607813737501	-0.000630081735728068375904336544634907014	0.000977486147746259800110578388273378212	True
26	0.68681694879834332572431069318843485	0.881036945651889352449386629065161212	-0.000477457294803984457308545255773766182	-0.001214339365387589997976445685322978	True
27	0.276738491615285965769164106567835031	0.0735859633357629104189942823159136209	-0.00102665856580984831472859255146682842	0.000453858358938862500065387489808071306	True
28	0.404093639977513055752469269554188478	0.870473044258882356785312593646478641	-0.000781981405741652223832799637291031347	0.000337602665825220818181730860748090766	True
29	0.421305482119126608210004573948272455	0.670053756694512094680577276967579238	0.000142893764154471787451249728394841427	0.000140447581456197466522629039909998097	True
30	0.287517276758267843769194092184073238	0.460057977402009064914614907326211865	-5.55951531603952594477123738378262611e-05	8.77302961420249890003347586286039471e-05	True
31	0.115686365793037510498414008017313081	0.598968507546959264898272767254066516	0.000339971073180909913754860636659812966	0.000565896451949340855808597658790794031	True
32	0.332252204347491411203038272667026745	0.927817732718771373024680923144361046	-0.000179858404833165814426317866240499109	0.000938620580749530064360530409308467505	True
33	0.641127001936409138894653506225326263	0.0737017467966790603594839443501164344	0.00124456154307131868764772007018044499	-0.000552503506949700659442292654117210303	True
34	0.575457746501151838392754574483516779	0.388086435746090028531348101950431445	-0.000215296394170498325867662005629966824	9.88610427664433661088515026772566382e-05	True
35	0.732201615361683038135079865371666638	0.335301819871410655691754887951520286	-0.000324465027687185188758703082454632259	0.000366350344288891612283610587104019453	True
36	0.198712822324739263674058681705450278	0.635041811092497505471808662499788063	0.000727370114182036950846437162010773215	0.00035450424232421951213568938819044737	True
37	0.950124013393703987603643075407654663	0.436574192719946086888803796021191063	0.000903143158469577577777461267970888524	-0.00023963578036285687993742995022623855	True
38	0.246191339652343115775944227782403039	0.561700066786192845002038150951135431	0.000365290991510616401490452636371183826	0.000200536718843203578043540529625029845	True
39	0.108744633641217593710211118255805839	0.2589979213150519798250050209367286	-0.000742266636886681875643334302977179449	0.000407928714470307247488830135152755815	True
40	0.817906836213252646392337778463899784	0.465843662105312157767839651575511711	0.000104597347381769992806330654628881566	-3.24947867414031606180252124418989335e-05	True
41	0.836081410404555322407409424683272855	0.0773238250888372219310774068772579545	-0.000155149701626288800671424027499160779	0.000298037828123514840990239679009138026	True
42	0.067056397582084874027106464001354797	0.528820938373185285461519726002970017	0.000312559793062912655827105550966605725	0.000553482442536223053941585064867792842	True
43	0.771663126504965768941989372029449235	0.726002850879303627438991219538112413	-0.000491341201590914743734268141198467286	0.00092545462135095979643515868096062222	True
44	0.903582332502221168072374130672070915	0.594532657747964967195695923451924589	0.000131874918187039879328033089360422831	-0.000487349803860993175792780653777032071	True
45	0.239651549937480737068459931534922019	0.349301655198962115635315125379596774	-5.67442187223571566193142427407691464e-05	0.000192257596493495659415753733198847992	True
46	0.695468836037157955644044961954801836	0.998589958757189492157458716686700306	0.0002207491340493432675635121985447439	-0.00133708254224076189975658707603538037	True
47	0.617531358450002772676204365145568132	0.642977054478190749306514991141712484	-0.000272406260467652495138797288289496431	0.000400385425914978419919114457814355443	True
48	0.571315946742330332073875496507480359	0.464205034661457249572037218093085929	-0.000398110513074127390418992763832191999	0.0001252771949113130986386463872067329	True
49	0.399847683286925271780509107250826527	0.514044303765730602184422146571146189	0.000147819262079053059015885919317689123	-0.000420051393967734801625658809629511107	True
50	0.745533452347251507672672380171725062	0.933419674786170405754044016027241733	-0.000115335781345585480264300649476547812	-0.00165481095794975999616515458451204042	True
51	0.689611243888153611772386284264070368	0.68339421110344873979374972819288469	0.000490367456778972564934612080167047803	-0.000919676638609827257736312873079406078	True
52	0.655946733465331714414318378506898539	0.499432823369688212768815147665579863	0.000268952638854777715354462497486829152	0.000407188722290731333914772520479756862	True
53	0.151048755383784618191676317680626226	0.725284624712252669437503214473766244	-0.000112765815613485447846903194664627713	-9.58976583328538422214665625577421239e-05	True
54	0.403959579971284823520528504694324474	0.131727245614519341420858107733086938	-0.000713020882437814954766623959283060461	-0.000169062300839525615660381986001063377	True
55	0.00594357589357006929732770454014208076	0.240474974304403155836684590353469461	-0.000598986297727203515729543237596402566	-0.000556101742192655117100859708927399552	True
56	0.571634874202271004426388287983006081	0.558909873912853800063619597024317412	-2.93078692353715452028694196886820956e-05	0.000172101845919628114626797944654837814	True
57	0.508099266247942029763858360442362494	0.0840368839843747270796486463617974978	-0.000473605817656760588987574496502853649	0.000181656256636096594633972861311259376	True
58	0.843555777405253204282327115478498769	0.982684301788491025649758578820658207	-0.00120676269954936286998174579071914072	0.000397451280027945471026929271135131074	True
59	0.996809000767579769027379001671884685	0.818624540018637063577491129833809896	0.000567154722198745523593401702982068815	-0.00019452316693458468713696414791021377	True
60	0.431028668533673369584775418501198877	0.953824879927381749499677752067252241	9.46294848813108847015727590490844692e-06	9.26092205591778301504650141122308358e-05	True
61	0.205482607761985785912394572682730206	0.511730767282135334344939965480274515	0.000186952295574183818368625475689250411	0.000379910341413986473770211448109487186	True
62	0.744634462770282176114567593708275246	0.248452283599756721005436704119343746	-4.56509421742553481515080251877103765e-05	0.000340566024859988139586751519149491417	True
63	0.825258313434788924900579257298246159	0.880799600930761639417099250179764665	0.00117982854554595638480069449253201282	0.000117890909127111980732646668282717833	True
64	0.269066738952540469334089961693312507	0.25714237063531453326792168045663619	-0.000226509137900981547525639817836820137	0.000230466976334834755205959793609300853	True
65	0.330546203522387826667966586127401371	0.839927318641696660071981790019457836	0.000476931153655716953352910327329807866	0.00081537548665698293026720783917216873	True
66	0.939980840384454550274614909670964512	0.979748405185653929413700788337227097	-0.00125004492455117155490858876338259613	-0.000753885115542809823178814740846342137	True
67	0.741236942632089002389431347824143224	0.472606425761979592177302954239858818	1.5993000052977361255999602331275902e-05	-0.000543054135367669350385796208931294512	True
68	0.478266151124662305578121512606055056	0.221876936695437898642830529880468288	-0.000213744878956825074726297979289192224	-1.14666059043485805098160623299819895e-05	True
69	0.330315199820025751350767521942424596	0.35869628342963229776589402533176318	-3.2495788043482505297402632884065536e-05	9.9245707527257633582706529179876198e-05	True
70	0.0119331236703101237216837266745204502	0.594733103759466473500750522082967892	-0.000152927077758043125231355847644546862	8.40415000022786880582324202845114167e-05	True
71	0.0776529976476047406985053682684619115	0.14770289991724759114389468884759043	4.42699107559016676717612470395679695e-05	0.000219656955023877364103488997003854083	True
72	0.776628223908080718999287935688068026	0.143605310043158479948340056987189838	-0.000175295818348034826063769179905517745	0.000144472915864379409888193573922830904	True
73	0.822576794158660679692165222043617119	0.79767195596585470806710654893895205	0.000531623866067624884940873424872682577	0.000172052819632391509863802656604626064	True
74	0.97497360508534592051233181865391786	0.518949476233954828348569511990937369	0.000343805659495269318024050526128582303	-0.000121389195793721671144100317007386313	True
75	0.174674859792712435264815188526696706	0.559393363175070319726750008836751559	0.00027784632360656152145572613847554748	0.000431547642630747332304345792814287063	True
76	0.293091287661595354406424143628366149	0.157859548497137627315108379510604552	-0.000684840982613959304410334683413242118	0.000263007023105786063169844132072819867	True
77	0.0933656497689480476489273431040535412	0.961665042008938048018326098943033411	0.000322416883394688698813753646853121653	-0.000386125090947388255394074876681514179	True
78	0.173585665631853598688436082127031793	0.422648123178775383348595267760192224	-0.000171372192348091817259465419656572478	0.000167128164404884099868426067749518656	True
79	0.227432567397143670672084546421652286	0.988843669252162974045496710852678728	-0.000553937546491860714492751258329433376	0.000387354291178223460564458748691436861	True
80	0.490689463852611229462917015123683369	0.424866214348282374187687924401541009	-0.000297753630732660073130044211847703987	-6.20980939384569559645036210211977766e-05	True
81	0.144652594858181727429623318945129713	0.499564616980815334831523079416282232	0.000216608599275071431210564531372544736	0.000384831051294710928480639200775164437	True
82	0.757396112004935388809602573321252042	0.0466405181834223569467926211326361891	-0.00122184118223705713016084121228299171	0.000378951915731187375475414677591663383	True
83	0.0606556361392993605611337978198316472	0.67109837823140117493751045242668439	-0.000286326396329954121131518097376542366	0.000153915666733180005681797926543987646	True
84	0.813391708905498708182524460215100112	0.637552808434727723678822575131074829	0.000121450462352996032696632041449545715	-0.000787863792177069865857778872803548358	True
85	0.566988437053781540453801070802685115	0.00791962184342937174818531698331588606	8.92638440216414450104589407884751976e-05	0.00048649347737980070666264015315608336	True
86	0.371264195835746102309100607706736784	0.238866874201636770816278213274381662	-0.000278231843167560936568857156708987062	-0.000166785058161973193306830291504768869	True
87	0.616145927081885696758928479288447243	0.717908940464607341982079794531589513	0.0011342374530076313223819695971083956	0.00045445176568850784176094214137635722	True
88	0.658950204584571814820824759361926091	0.940545018893857551369630524720523806	-0.000149228826854978353322428541943514649	-0.00109455350500491361176725541986711832	True
89	0.825754248128085470123016212976965579	0.219772573207585757732918880526114971	-0.000136711693752797377054166578288439902	-1.60914371056237026286077686468692121e-05	True
90	0.98168215492535331543583858011524216	0.115400012868568033138445448836958756	0.000528790619273363330707828191728326657	-0.0012010446581009412790196914547334916	True
91	0.0283689698545494447857130045218520061	0.453772339947193955483553253048332439	0.000813532712746115961579983588361510252	0.000341547797962384682832463241281018703	True
92	0.423424267179888889220288603580300204	0.0402596402966112967625216470598470089	-0.000421601709335531003802122119470482126	-5.92521974738854647549792842302100987e-06	True
93	0.124521689519474043363596279765502273	0.0465004141466271195441978897265520639	-0.000834731312598126249794408498182437235	-1.49080111236086367275802707748844145e-05	True
94	0.573886400465940394266592266688613374	0.17362124298380098228268210703540334	-0.000159552027603584615707509014866121189	7.67652188135221539569895577102289603e-06	True
95	0.918468163693256483047899466780601665	0.0593605708687791719019512414533099324	-0.000317025260343069727640748710094697087	-0.000321046551718045002802608255402553747	True
96	0.736846183677756427015326178658962295	0.616334532402807868684894628949004217	0.000304975807625027939064637026900960784	-0.000976335916903419533473188757189731373	True
97	0.498026320656882115577932013925198677	0.996902690481602555151553248286727851	4.22686691684070364368166937851108464e-05	0.000197543213918848720837313527142029215	True
98	0.667309846318435684868595912873710029	0.582570895347129457330334448066554216	-0.000279818214018761885151103294009591201	0.000454503334150815745137692692729540548	True
99	0.508142919854925093606057006530934439	0.322037630604935751933300385646159521	-0.0001467762334141978539322334013777317	-1.53824893611456024238122566059447209e-05	True
100	0.202794255941513405061840674049958336	0.101845000218473894860491826012174604	-0.00105137184574623578526196135473118258	0.000430466243455670690063776898786146899	True
101	0.458503346418602892134792888649535536	0.743559201733639247992925173571663033	0.000118053692926138292429186196036142587	0.000241469486744696081658011939169875034	True
102	0.676388944777337726123181709964441849	0.775447880771191838589861731835352806	0.000332659854430257946655567458655482944	0.00126360358601709715747120433809154782	True
103	0.370650606802927001641771294314997096	0.621482852909687400948144342958133979	-4.82208636849569778863765934390915452e-05	0.000265604137603690949460981927865108949	True
104	0.0688546318183679654792179952121580843	0.777299087668479992867214853151403605	-0.000350853183308048763090636334238698721	-0.000424822172305819325541637060351694968	True
105	0.395323963178152198565344196380201375	0.418168429146666702070516780811418234	-0.000269618878682424096839510481985055242	-0.000353208483459318758043552402551902658	True
106	0.0194848739840093600845507925370866895	0.0292292258313943460456868312999993251	-0.000689061079854628968603983973018166327	-0.00164147003380391282169133418663899689	True
107	0.213772636747871831860652137181913961	0.777952284423951031401204607013317773	0.000571056305323022794103818436120446571	-0.000689630742340203850860815397247619459	True
108	0.156864747578420595223465139092905956	0.907231511104183472457988158901989588	0.000323017739074701414220989666165282216	-0.000239110591074505914287105326316876644	True
109	0.191972749483092513669455395807258091	0.198214452127269225824198673419431603	-0.000545479029281100835698973176235744262	0.000580243111504414024903537756292047791	True
110	0.883641568293015559678087312993141001	0.151574826434660679354678474448892046	2.42185221099304320250244074611011255e-05	3.33570765819416967481558473206868015e-05	True
111	0.785489446291804948479747426783317058	0.397666157404110333111851137944882526	0.000411841341226673134203711969110544252	-0.000238156559783468479038989155015873197	True
112	0.247838868255408995846133039943692461	0.711247981723158087474676672243121556	2.47369025564480582416503026706743458e-05	0.000830096321249389840672191009248548491	True
113	0.960076234556956050538276607403611655	0.175502522054213928850898635661353963	0.000442114448970219000669244399603465618	-0.00125472425822120692780511393259262114	True
114	0.888274732025414411508116217067109379	0.49527729147107971428750219992879597	0.000442163094783643440182399643392782896	-0.000639121056143598523312661139837978971	True
115	0.490147069689602025151119647812905901	0.511419624123252411653003896580476718	0.000145861233047773274038983506971429751	-7.47622740246771259073118574331708411e-05	True
116	0.879166036798928150124896304400736862	0.376685453395422900543214717675500568	0.000439849932040070543235217674039116153	0.000255950552239198443822404786954001388	True
117	0.096484748459436757736774398624690073	0.45591826334254793837807781925351161	0.000875504861154226172544261879635502129	-0.00034196411653638187398804005112191679	True
118	0.983979403647485866205838987881628239	0.346242711703258681341995872030628711	0.000205439416819071956514121113301068221	-0.000460231650727824844546623946726178108	True
119	0.389429821962536190722968616628002535	0.798762950954977007666038279844941418	4.81690058897106548943380575235037725e-05	0.000189485163841999399226532973277834723	True
120	0.279220062772908087499667253576992418	0.784820412339889164554294359635827612	0.000528819633416520022808816132221840365	0.000626559450728795689855634001098960642	True
121	0.907620305161001213302906301761457873	0.829318089836754400763838384112289505	0.000695825209356605364032381013136980622	-0.000443767789975754853531136788292469818	True
122	0.746179896847165650130747039096925399	0.835625310794994679150511952977162886	0.000876018817034326878436191651573205554	0.000662382177789360802263926274024284297	True
123	0.347989465755966649575218046219862834	0.717109222919916200673560796443576609	0.000101862152784433438901382855210951415	0.000197832407864528674250169918382176528	True
124	0.148631113109949127808416435873004721	0.340771640827737441639968242095385294	3.05408145151188897272046288280216786e-05	3.72929194290241048181520314290331918e-05	True
125	0.244082171069697553659171686956260634	0.868955597677685787702120634829668836	0.000417317606637459152060436582200860623	0.000473432301323404634210117154308688957	True
126	0.99275727403668011737513930546897776	0.737752246774650466061104335325129649	-0.00054621784822176872902274069473225889	-7.94246537698359685200512033885261542e-05	True
