particle	x_0	y_0	delta x	delta y	stable?
0	0.599606367156581468665036533255220436	0.863676043742522455306755984657871801	-0.00140112027118690649115199096579954411	-0.000131584691955198266876121378418526327	True
1	0.681672598230022285719268030966413876	0.175199310963358518053259960855593377	-0.00116877896481094973949575675714204203	0.00127637322991780644166085426008292013	True
2	0.412836137011047572359229523340129017	0.32939146016422956282086521447268268	0.00160681392516453048200585861839129509	-0.00139849003332928127138613953486255067	True
3	0.89941394854645322324013187340848108	0.909997681383405985688848154046150943	-0.00245809049447966001478312542907062842	0.00191142031789191931061900525512323664	False
4	0.152115186741267539379150269220012376	0.805171084506200297963374054816023763	-0.00326686184285952519506290812006399468	-0.00231227830386417656967880775697354998	True
5	0.521979740447292898422351050184434523	0.69091153116747429446763102866856468	1.92854481412024378228234207127510599e-05	-0.00102990407033642366194157972194420374	True
6	0.812204094409434683399640912109958309	0.313465589891524561778547679900018984	0.00177393556843763718475973010214061318	-0.000812201043428910350467827005047536648	True
7	0.979066019261731677332288123070829344	0.901128997920012113264276941014913843	-0.00223657485599337626251227634332075837	0.00197167878038478921859682074583438665	True
8	0.1896735242688495779562640916799935	0.272042152125775111138381796430301723	-0.000107553844811937450392958281388189414	-0.000886625245467643796999906066311371739	True
9	0.0945816544453416254773822490416762857	0.395547606989794958558540068577996654	0.00131888374428337764087003096039651464	0.000201917161920826264034974241064769055	True
10	0.969171249789693956568873818010101401	0.654844158780127665478852575719458001	-0.000678249019306257507376310611028749401	0.00184399765553900273244957913386229755	True
11	0.301877482766701422158420741238056453	0.623380297216850845963406464605032632	-0.00016422478364558848118872894946500001	-0.00172733532880594349936345650812492171	True
12	0.321833222023633185044521117976366652	0.552573675709352344196188938732824	0.000137586743109786851733267570793969145	-0.00172897666253544885754618623854499095	True
13	0.0672993256389931960698687360171369196	0.851974018755452393200177340465255734	-0.00246023995257802958557427660500765543	0.000206088174116173353514067059154934027	True
14	0.526115985033863777101043621067122339	0.938989009542858806159850904940224117	-0.00270654002395703819803128020401372373	-0.000704167708176683738195256209733511276	True
15	0.718663242394284610010048152204852292	0.566147309992396483478510770107537404	0.000580878076310917106626878473195869645	0.00144362223587832191125639077089202527	True
16	0.908008100249239568013837286035463846	0.292891555554343059626731800240455484	0.00165103868773470738127299659035424222	-0.000513356958755980883811475095164113033	True
17	0.489785778120099853485488219521374999	0.854382869638522823590757569178356004	-0.0015691216040004066653544106901334831	-0.00113153393027226443964040743109837565	True
18	0.596870825854163472882377338954048573	0.956352613770996807326172971352955211	-0.00291664015346461401398914805360310351	-0.000369231200334474596739249401540134756	True
19	0.63223340733312040051102652964990356	0.288948809704337539667444243161779998	0.00174618189164825895386584046560395379	0.00250756969325276431896568411577920881	True
20	0.540497236901399379539982116021961402	0.779086865451310667309196462851527252	-0.00063999212369513909863032618990212976	-0.000723009742618286604661795919131400037	True
21	0.884369538767760831388862817169416173	0.710901071894844360275779761641502392	0.000833640735828399823619503566535227686	0.00392364085490390877781576964046272371	True
22	0.471205260131878731364947532957632089	0.601429547022909503844209083971215358	2.7990014014475095543362384274374253e-05	-0.00120036528353711963276304031718363865	True
23	0.676326967251901473237752683164092588	0.406821160197589147907210362738009181	0.00249796685136901849100761258592998455	0.00181995427980506868920467926923533187	True
24	0.811713223895365855525136035816277244	0.546694451255792547344351401683265563	-0.00118895470780850463828639800170260686	0.00319797988002783433232549816350300073	True
25	0.340397714320814048410426437978629573	0.0445559269772588410088014866697375336	0.000189681648589809500329090631190239451	-0.00276932340127575099096343356915963756	True
26	0.688014106921366552403026044577463233	0.881753529062634377955694362259725062	-0.00146232191014797896610351208054336256	0.00171999004401649368016833865619152848	True
27	0.264829614436350736786280974286323219	0.0631765464587676631444332086651901693	-0.000132888904984922126902370692043983436	-0.00346188134550223141351596215478815154	True
28	0.402649824109290532834437568750730594	0.859462940713655200914172872798426756	-0.00177222976525429491170808576723521943	-0.000117727962444952877831052630399071747	True
29	0.433631110146763520713196393191783851	0.677549116470518998557766237674003355	-6.34742860272731852972974295731912264e-05	-0.00142030884890381969726018324299021845	True
30	0.298822814557569657666226767386540143	0.446935325964247303746728274373872105	0.00129024049419611221155285560841799657	-0.00205751008949144489140227148952624134	True
31	0.131060635333067467982915359858752615	0.61378541877186709695880504691169776	-0.000836738504472520203128432258284187755	-0.0014120142205428562529560047572195287	True
32	0.334584981349815520935041329678515001	0.944461359806095199472688130459107801	-0.00278558240273876171581671606054963884	-0.00250540189709636502913051318747929154	True
33	0.639255752910532649503126659798958883	0.0737192651478399042741995899200281111	-0.00460330871210877138531237572431389614	0.00239833139451670128518755930619276424	True
34	0.586461612088095813658282340524623013	0.393402049196866967900566740896205844	0.00239117797567778647160275606330272785	0.00280061068501251678111637809733564036	True
35	0.733995209568287747918266161285976696	0.336334258827744208653543775431930174	0.00244825804767497638480648349620677629	0.00145817503378970261322809971645745555	True
36	0.217730914506910222613177610574835383	0.627026875286476441588627670179172569	-0.000324020463002384073028127609881868787	-0.00247076564131479259413902151917024051	True
37	0.950153841646248345292935676878781056	0.425237631960208848423013260245822179	0.00110085545441825472536804668878098482	-0.000225584449401677931097439036894138732	True
38	0.244561770635294256830284243938838341	0.543037019588563927202691911622945303	0.000766181381662040985817359507753832447	-0.0021493318423739915473649682075303977	True
39	0.10483578468821947964670735692815232	0.251560038731312553888518246560034053	0.00142776862874382621181659806628129734	0.00070042304570683013631994532099819014	True
40	0.815959753399915502733036306967452621	0.470911463934151662848457848882422514	0.000592290871357274200703698465113729242	0.00325070846549086143294340907360224017	True
41	0.841867795315480210549847854989508077	0.0880350236165191218120259710534363569	0.00395371011623242306011297256130710968	0.00555430875861522339088845783223947989	True
42	0.0808232076623044840015365544548341608	0.544904064446030796337933258642228157	-0.0027598179948267488647034675823250417	-8.58253859439835395413413215928030673e-05	True
43	0.770092314138457026136395265801427282	0.716016889914831315926127542953428529	0.00109989768756601456839056397742566978	0.000972505312061378272225982633856955469	True
44	0.90377201277910124092325718116050096	0.586802734778789403096147103781809898	0.000259793701904940358707294531799579514	0.000347756931034469125814708615651276746	True
45	0.239094446564119228976017259552556177	0.340793051791346553936988849342467677	0.0019752634437754802049095218661882648	-0.00258145954206635539467058547274820229	True
46	0.697126032078901694301777686540919823	0.00127626069938664833451597833530978632	-0.00513086799916601192164253113922820614	0.00186382347108076071700424766178017568	True
47	0.603675347326067279254719682859641782	0.661120671203423463486259256237229219	0.00110945402011128189269845715003574244	0.00219869885237265496007723475946159522	True
48	0.578678608097590902627720018621414604	0.470595071826445741308971831819109676	-0.000423895690369322502987815089318196289	0.00241867323254528369961154578064867373	True
49	0.404510105216255625474509884388971667	0.515326852824942971424481027596015317	0.000455140997968110405679934259848212494	-0.00138123860477372413817723264022075658	True
50	0.745604284408507153367353454554352666	0.935031411447020192184202797035762668	-0.00269298175032851232031652652602183923	0.00355149122519893163724741034802172641	True
51	0.679715524408552777529494981690092475	0.693729242307964169101915248662493223	0.00121513376325904856558298494629871629	0.00176993544481900843156236526575200645	True
52	0.655459503973293721865101916550248995	0.501114060991205829354320872774591041	4.35352238959018237699543188095179572e-05	0.0011926729048127453084819017723581909	True
53	0.153313230385575714473705017891679866	0.706249417161427353961382838053489955	0.000370641454554075834465102727667665491	-0.00198991495059784250865211111731878135	True
54	0.397292834410797157131578435487434536	0.130456264450100655146373729579747372	-0.000824868918200551260997165193190468607	-0.00214161601638136649766263234359430704	True
55	0.00100411538190404621240448181692226918	0.236808370179841781251673367705261258	0.00161003739918309744142529957953703579	-0.000230259136427925988555477926772877239	True
56	0.577198570102972101942765150038139687	0.567030787037191172344673964892190668	0.00101157507546416265178351069027073627	0.00234210957706484948340953128208418411	True
57	0.500694631799627502835991697085865915	0.0896917758278511986935498760206346643	0.000628045538143992610614742466230624328	0.00199268442920414707925539962768919737	True
58	0.837270891923769255233509852386812054	0.992103555191114596092018202941132882	-0.00355019962332548639552829643572135555	0.0057061395626264366155448311208343707	True
59	0.987070563156579060843751511005522438	0.813631276929921944045809364052952629	-0.00302791431785229414179086117091893458	0.00144541151147081402189435192221637921	True
60	0.434644189466270006415249905686280862	0.942411142648733188841937624619044791	-0.00274208566782325858674905613136778704	0.000664466878891350273556124644068960381	True
61	0.209889347511617935020761239713410128	0.48803321577266851656815825775244629	0.00152591434082256385012026398489853237	-0.00256263437425121288986040573199083022	True
62	0.74749156131562258045900434413247804	0.249030057058894031101953209689671801	0.00048699168226269145090910330338056505	0.000743981088437786014413645333799409311	True
63	0.826471397666466715551711897430484782	0.886446108710819553683570468488119984	-0.00154655351830213903925805398660465164	0.00550736851758899640494582761518371014	True
64	0.264647152036063082238920354229195812	0.247138618943736858020179378790396595	0.00160599557376636223904010120939851059	-0.00269591942322123432945475111440376098	True
65	0.326379833333220007766925277991500979	0.855457197887658986430651183389351539	-0.0017795938028254418402559832330591506	-0.00252843320172461211951368760292274504	True
66	0.929130629536453888726021269337526754	0.969295134985811073779891185087158605	-0.00399061308512997255567407574443061692	0.00149764870817698825566966073481621931	True
67	0.743297872473809552047138343072392174	0.493636667152291631985362471212530653	9.32923087121557259545112725051099353e-05	0.0012730550867315181901390563256353657	True
68	0.47554061688950078757698376281715873	0.218936416036485769904937476585685819	0.000174327454589819731895171836596380707	0.000473747617451231668122568631905060408	False
69	0.329471514709024697497531520617952111	0.338853771081369430403028682463606	0.00176344754727528415123480638802891714	-0.00183814447911407361617168363917966197	True
70	0.00687620362816877077549070881286152552	0.588120717046781812571818077013043823	-0.00212051551709974587608331030055067451	0.00107677511668359350141731582922643354	True
71	0.0856461904620711579099547621363767656	0.137408274338756944666344798326804654	-8.81745428925145524997811490600344834e-05	0.00109761536600981998314498428552106707	True
72	0.781798300022741991749949199238474508	0.15322098573182586056545534353902408	-0.00140289103133911884050127371907062796	0.000143017236834014236317478520909487809	True
73	0.818015411048767610283140834171507072	0.79165693352171067036908674084365813	-0.00137145045071658185383077740324789607	0.00213846735799333279152647534934284698	True
74	0.975281871969179230826132423636165468	0.509340221499789330699546566070248765	0.00127875516356235492740259978606833396	-0.000248983306712356687278161836450529928	True
75	0.175491061256723699620068287654530436	0.558438914440165099043001066296797687	-0.00126282197817700753287429066959033228	-0.00175877529648418292782707992565894286	True
76	0.287589474482003872114543902511282631	0.14738016174562403558546859239265626	-0.000880193745359857209598244034316485175	-0.00328353527018750337406712609256464927	True
77	0.0865614835505607708215618324011637506	0.944460010512631733434272026943820126	0.00160767939652327065248434900274616513	-0.000434019916175126390914317387196330553	True
78	0.182562163819463999425981576575113974	0.420956264603921581929174319029496629	0.00193249648562237038078028437230645244	-0.00272589670291082441534505502810220149	True
79	0.219227992947501082034147618120398548	0.975700136938778185049606308859748784	-0.00265961500382447009146572161839569114	-0.00203433444145360885312913235646483369	True
80	0.5018831185896575035451782261669315	0.425939286636718133333694759171045222	0.00126633904280765325523505295706815844	-0.000332239766322749331385066713719198106	True
81	0.148477229794066320577336834937039557	0.496391090287614473975189784735668765	0.00167122529479291435730398570712312323	-0.00291360903739040878208246523591527419	True
82	0.752245195915915182477328102009511393	0.0572421045150495646702677654112821887	-0.00581615222582562827481961735944821152	0.00212087743995146418516876586766083331	True
83	0.0565250929079679449867723536296473198	0.664655364019834413608128577653235239	-0.000317238596054535958708827981545626735	-5.48198885973412654293945040083904997e-05	True
84	0.814928048666640435501387236928882288	0.630701750402248702479210496489533725	0.00142995501231054382397420968505056211	0.00314045594354818640051697736567827053	True
85	0.560182784757489179298137540535502109	0.0142597959865922610634433499152980647	-0.00275190114432172275082894340309611119	-0.000443105928008543032122135965044741901	True
86	0.366760448449998638057207847526352031	0.238056490863137094794465066623792131	0.0016512139083317176965900338290145552	-0.00142315430929325314478420127551835907	True
87	0.606908864297831188777039166841644226	0.737264401170426375597046926157656598	0.000965710669388802580515293061561077889	0.00213798997660676052847134251847198603	True
88	0.660876936969213939035203602433342747	0.942219202993670664641672134367972465	-0.00282278916689038853593723109643448931	0.000811502752310240365299533783341304779	True
89	0.833053096999616005085990379080341571	0.235475165181450630989155901188422264	0.000166269168809235229588577543080902538	-0.00135066121287413213818287392905370079	True
90	0.992212636708129263392932739926036467	0.103910819745198831715122487042227633	0.00220974405322826389621721770319773517	-0.00392192589314110868937012265676810304	True
91	0.0269477279360699225684761903930787955	0.443474543195519150923084174734329408	0.000958415970088253385199486746382281856	-0.00047537136739749814007759851754944206	True
92	0.425035514690380865665389402361363774	0.0301444131358067232293063777376766749	0.000953239408890566647339458835978286619	0.00120412897101756538791712869981609036	True
93	0.116085112670001620826195789026178114	0.0303171520047587398098450194543824384	-0.00160696011463971759915486000951646216	0.00070764546764813503910122761019972591	True
94	0.576269290038301234739292162021524393	0.172868135444704604087269651902243145	-0.00143359665807244820780122982592922199	0.00409947069691587678393085226133913729	True
95	0.920157435403449850834776086687390849	0.0611078970207272423854095102413920937	0.00106959794175749787874185231687907488	-0.00128162548271347625227993991117664538	True
96	0.736657951378712289328371664356450003	0.634395340835110398431167258048331268	0.00118329148915670275593163764313396418	0.00128230613284138929370934465408286601	True
97	0.487744715535991292430747201973120084	0.00202928461964552129774233079794471941	0.00117789076724003204151159865132286985	0.00167647016432793063929031351415824975	True
98	0.663794898218322692677567521253189134	0.611309364513353410689946928986089712	0.00101633459265227698591354355465040239	0.00197914730036347840169828894314680282	True
99	0.510288297392512536490912755395065203	0.319910344425373845606294095439400786	0.00147259087179650619878656707148043351	-0.000242068782064897383255546402448793063	True
100	0.191100304158188907815346592990191318	0.0899709446041180545162862581104031566	0.000414616965510190695632517637622672367	-0.00130436305785233729357507247449616347	True
101	0.446762530561227447842805804394417454	0.760796226683135425481942307871672761	-0.000337598639626284218474144528513482709	-0.00150229685663854952389080449327610697	True
102	0.675312841680491817820754644577647222	0.784951391017207936478101731308958535	0.000992918374753737036257049632006489373	0.00193408124453734017582395465255821041	True
103	0.377044789603420088776489471913311335	0.607462433523959984305775518427524391	-6.08766533507998745258930525239848302e-05	-0.00156916318641746077426473619810273097	True
104	0.0716941041076619203796772544475984677	0.757876444428837038716652037885864595	0.00160910589916143106856888633779464387	0.00010075628823867131823343096623706639	True
105	0.408633470816919512421615737593920317	0.417965820504907573190549319945081589	0.00140472048260450964522754773593433379	-0.00138980514552575698732791600443983498	True
106	0.0121717271987569672387315120849288877	0.0110481082406263220972580126476751599	-0.0011172959888574764838232287350405286	-0.00451108252645880565540521868402509036	True
107	0.218400154932832017040621587856503803	0.775392504152273372232028856901752837	-0.00193083611070317790584690294665156754	-0.00357194387953673921505961771559694475	False
108	0.15088208933926288520500800254929092	0.891362515962025737761952577822168983	-0.00111021213029596682808311137763969069	-0.00282287479499192375602872091402543647	True
109	0.187421329961550355457863826275619332	0.188619836127177194261224299716573913	0.000410973381434096674987675854707327436	-0.000972751136712674808968913878943090837	True
110	0.888018088103843471545474377932898455	0.163856417621106721556327808549884738	0.00667085127257441351937973343832916741	0.00407290910208509891533170678194838359	True
111	0.770544474782539764234793773332195298	0.410242530857450208489732494890531278	0.00221594611079132115462048077389179257	0.00188413834217196910836420970432676636	True
112	0.250499118333866146390054306457252988	0.713310179101278570947730091908245587	0.000204575594642587556308767190407895698	-0.00247430317666827228863973825337733344	True
113	0.967643417532062516888113955197193623	0.163484363037608993981423829444466651	0.00649452237285624938348965938301533359	-0.00231939673954472634363660487884727667	True
114	0.890011624033126307856101922037171505	0.485689024332240844976601066481288776	0.00120201370961363498873776628548571519	-0.000131172660116437172962097454725420954	True
115	0.498280020747485727163349192895322719	0.513837608723486559516589864703369935	0.00287489738427262373984671974912426264	-0.000277282662184794887832368185457507763	True
116	0.86372890729326730899328442745367145	0.392541252961176043249180176556692413	0.00148805379818568888905823386966350531	-0.000597556366250657634532948221078113728	True
117	0.088894451505275754496081024898610239	0.469898978332468268015668124770010522	0.000506200140879674361069291255365162272	0.000264068265754837134831129414014668225	True
118	0.0067443189815173110460002619629087693	0.345915286506816082108214867856456921	0.00142013232982348593732786434495054287	-0.00010196198922264559864128919529844162	True
119	0.365341046434514772699183409244196829	0.795140153925104772617646024886792275	-0.000190969121910939298257087486790521071	-0.00138324472525963910553377132070489423	True
120	0.293588183625485104698502855355465207	0.782053010623437995510161515878014359	-0.000165091426029427229806009633664115669	-0.0020795733462344013709829392160363349	True
121	0.900624392437917406277553425122653093	0.826998540737107696540475567924915145	-0.00248260408676159625318559481175483386	0.0041974749610079304076749236051436054	True
122	0.748989887137089482777302565021567465	0.839633497328519644807831944444832679	-0.000272704362049081097031083932607533889	0.0036455224736406579976905577162369356	True
123	0.35057859705742467297609329853337531	0.703840076183753810281081376664035514	-2.20891464966762132386348239838961581e-05	-0.00166934418554283652106054724227547813	True
124	0.149202015672305211875765162562922132	0.331974720031987058154910383783495246	0.00176926921903241520962366611857575047	0.000514187067374887262829320634991755704	True
125	0.236967394200635598165563869052929095	0.854188864719128657885223152825106381	-0.00186100635414531236324534481611611769	-0.0035549191259833499390925403032315825	True
126	0.990264634098559689181968549607598741	0.732470041692777549237054746615198853	0.00124897864022283435130680246885667252	0.00151881474328201006371467390638585928	True
