particle	x_0	y_0	delta x	delta y	stable?
0	0.599668153136611355760424112712039011	0.849564565681639030908295645958056835	0.00457419575706772448281473849527925062	-0.00252938099292125827227990875291569262	True
1	0.679000403946444711479699505638083287	0.176736938433098737473318408648574045	-0.000391000397725244507464781205829650002	-0.00160861897840172863456001832223995284	True
2	0.408463649073969919666928789997236261	0.329405150604551210580372564391356355	0.00043105293037870299659228567971615544	0.00167246871855063232301269532002029689	True
3	0.896495683864271852353406157589128488	0.912324810949890965420643549602310313	-0.00171781381774249194082974634889489969	-0.00248294444215126143254535360804975441	True
4	0.158826696542539446774357756760617947	0.822268680205669680820106345756676043	-0.00337532844950691030280110731403585187	0.000743562737879511555223044108094511225	True
5	0.533786573822781826868278808843399672	0.670993100981515441104611664887735933	0.00171897353199151679026912037601966593	0.000404244320613497728084577610868104229	True
6	0.810046886164153273446195856984338164	0.31374987628427466302325836919018305	-0.000169319198933700197007994660143864673	-0.00285206943817620500387919394840690012	True
7	0.97609424186396269281250387505840756	0.903559555453322300070807719959215768	-0.00166518716058883891772243042034666574	0.00144122358814745461833009007067594988	True
8	0.191557356465398649182538287853608866	0.279836162194354839723723847698186289	0.00141411460927772420858541516406480513	-0.00179771382172330557148035625113699594	True
9	0.076411652359009830583344502007797389	0.386879944219033327800857425557128611	-0.000530872185911992638087663104866685326	0.000710550333625131032074868774172360592	True
10	0.97004373561821845718183435059096149	0.661290448882132339218612539400093819	0.00163160129048306099095938660431668763	0.000179046901692527538823101270785516706	True
11	0.288382496289646254115827353155256128	0.628328284555503507428322592357953024	-0.000886885608806035365236290723017165973	7.15202274602274503638856480675162372e-05	False
12	0.323856052043299973625417997702243544	0.55966017433409183318228228523887358	-0.00219784072020636992543129740626284334	0.000396423380205760170202258202947623479	True
13	0.0723442101613459168838161274265548462	0.869432009991261120865171664603205277	-0.00185729433892528404443207449964942739	0.00220968440566813758322540412526690092	True
14	0.5204307676608052309693933303714089	0.922842738049743983283882792734840974	-0.000702542519096698190653207199819586247	-0.000311800372907211778398801243373568795	True
15	0.725467049471222892313197417031276982	0.542720417926443648362642284630922715	0.00371794393254397507370510295779547811	0.00214359514959711365456150565657039465	True
16	0.901232179803628677947313564446298137	0.273936769946922361804234903246541132	0.000728922182817092204954239561011818993	-0.000137811216179731001658238631498880253	True
17	0.487960228996753588272314352019147934	0.838229638607372224690967850763176454	0.00398714354690621523940866940818443636	-0.00192982542526686350894839507347447415	True
18	0.592226916516583925968015441069590263	0.939940764161058679557958656247610734	0.00024869537280183548877307072589220609	-0.00322898976407817260001760019210216346	True
19	0.627852310383624120492777449179957535	0.288141795508866707342057469466137733	7.92317280549553438038993141581115134e-06	-0.000703985515115484542956955460525122088	True
20	0.553976068393119534502777311595854867	0.758048141332478429683846028687444993	-0.000768905505277869357548687464219581172	0.000744532914010858031340610659361986343	True
21	0.883183141232753028294783330290627531	0.715903932778948547466774502905778296	0.00296901010363584700103313922363129627	0.00242789119903216206419815448040518754	True
22	0.462518376149783570947100444909567808	0.596677331837116924469338924043469079	0.000867446328475272479814867139240347541	0.00119158629431407342589027195667231613	True
23	0.669287488997815004705547089609627471	0.404887585745512613900583376411209636	0.00192567810557321048242950570144075055	-0.00110958481286719632391358438463507496	True
24	0.806941562752265927229627055822562645	0.54606712664603331685546705629395144	-8.23278071722604582497744300232488836e-17	-2.13653166249728518173763057320063484e-16	False
25	0.339504286793962585596965608912461964	0.0262721890360406008524673120609581001	0.00259485794926776298685511441856449988	-0.00384168593386321203475479366281928399	True
26	0.68535476873407473374984640549718308	0.882964351371603645532870113135306027	0.00161712259248583472300867122215205108	0.00365099487866732042773681149452995941	True
27	0.27677032919091008087353797043453585	0.0732293796981941581471076845164344246	0.00410382840682472872137511350671180207	-0.00161897972142622196348486320695680621	True
28	0.405302014424276984616458420293950663	0.870910280221258032156386622280124157	0.00410237436798858605764175751445051167	-0.000538260069753537660595018842238024529	True
29	0.420519108037409828517375800861632719	0.668880558761063393127828811470498835	-0.00093926136285750325901066948601234693	-0.000248933264347489893380707012851345023	True
30	0.285052768969119817093272207407294579	0.460028623331037199980121475636282666	0.00084238859907448898507461791352604307	-0.000974006344142188508804932873685375113	True
31	0.114817355860565479748995398138209294	0.601758450133230664189948912665887299	-0.000709687813847024626399752413626025358	-0.00354693564632312473459112314231681275	True
32	0.33348791109950581104757998732147203	0.928354488697427801354583156951163298	0.000719448482444644650886965573691854473	-0.00387045766235807822056702075353535675	True
33	0.641162415476059957820797499570353715	0.074793081230023214044606510635105014	-0.00474953003336722126393736469483093764	0.000260167299362984812152968103641570667	True
34	0.573720632279567211736660419254471529	0.388559389254018800437082537581937961	0.00170694898599115630148814647890372378	-1.30767595377715586276542421037508898e-05	True
35	0.72999872466884969201180113099702052	0.336216072034098482926299018746144488	0.000321004156740342603604345920647532309	-0.00213802070582680074863925458533990214	True
36	0.200121208006713484801159211277640403	0.636398737036988965881916200522393077	-0.00275245422628912476759849836135811685	-0.00185695062926484353991098575731739052	True
37	0.951047825904467441673627929284563417	0.437611223151048209424346061273343731	-0.00503832243973435438290885568862955016	0.00142916513585929756940517084167415298	True
38	0.247605378320650127554744412838079938	0.563164882832201045278712565578590315	-0.00232680795038128304497514240713411967	-0.00190956336347190172503932078398561164	True
39	0.108039397457295143269028439728660155	0.259327737015113348570833482405507022	0.00202959436893453190295405978724841287	-0.00235963959715722070758728764598368765	True
40	0.817317374082766797969256593161887638	0.464664278421092204449492230944352709	-0.00060398387830868470842378721846906001	-0.0010039829083812502484044798532524413	True
41	0.83653833229110459542729624755457686	0.0792296291852164404214729050280210416	0.000744367756849482588842363508987507889	0.000121539860695659896448879637031721537	True
42	0.0668993244943577360665161906398666058	0.531370929205525531128612246751610682	-0.00181442095967395137465737723508362493	-0.00275896534630142685093751805087734445	True
43	0.768296191248223131643308263966072427	0.731382829106724011461762782085195778	0.00300462139430300691105937200775291213	-0.00253419893115789082388675941823748993	True
44	0.902440146008661811483055493690674438	0.594800713991270263072601100565055884	-0.000696641663722235724006021060946929881	0.00251411270362089174645396101888513332	True
45	0.2389014197422197014342173803690829	0.348736029050056852649949055280603923	-0.00100820155134767039900288211537522124	-0.000573730297804682060291279384654315488	True
46	0.696158209864126634180521156208203792	2.93823232387813517804396650745667385e-05	-0.000866628829783389113235222927307537043	0.00353608017009951850609713392767970192	True
47	0.617362054063296305799051633013959297	0.643140100068640892747781285354323057	0.00150639304810933401007454643864787075	-0.000836646796494733135621898179915877468	True
48	0.567744210815724720877715536105767767	0.464639877775341162937469456035449995	0.00309022812273938380013070369322112019	2.40133677788291411891153185972013169e-05	True
49	0.399803964706356334908759725685557208	0.509714829140590164024584298904843095	-0.000745260093164750951206053649533186119	0.00239505482648028057465690747140137927	True
50	0.74546423837776346541552054463430016	0.934028385432444106786228641398968631	0.000282700635321902161475314508406257702	0.0048057726481644366037055606578342531	True
51	0.692595757494030281331648025140754509	0.678224173386554878871051225065805274	-0.000265725117591517021978723794095155942	0.00241029472410541893644063518704821394	True
52	0.655281566933711883396540712258654194	0.499589770778969667763705586758189537	-0.00126088726712564550939822562210573087	-0.00164725089369267994475007707487194021	True
53	0.150186444819394946405458590345430382	0.725440352235833744045046009220850418	0.000666089318528363880570610117068355222	6.88818237632652995048346191370096555e-05	True
54	0.40942166522413219898829923740837802	0.132234056238851227636842076851551021	0.0044116907328265999238877702436832237	0.00196215771851084287919598721200546659	True
55	0.00483356079093485152311148283672110437	0.240928398729191236840412662843560285	0.00138398039673147251831733976567342542	0.00308913006566791914940843302833063767	True
56	0.570548790842606792515015659804632995	0.559438491447368593534403432687239233	0.000346359369064625007231353717617641692	1.56860324664314103906331400135662298e-05	True
57	0.511967655050565647296205651258085926	0.0802349572275989013665758090229803505	0.0026904413454135809892938697488971046	-0.00131819406822511128527682101262036801	True
58	0.842677579623104615804544182609149879	0.984971709837306129111400787879607181	0.00286190511733231076793718715813692344	-2.77743744467824613037056728880763807e-05	True
59	0.997462686249756771137552096983156998	0.81902271356694605999850298249608381	-0.000851909538690823396335224118695518744	0.000404756776062151592180497568779560195	True
60	0.432272427770868718154043601497190655	0.954300433785234737253496076708512348	-0.000793848180752326182403650052161771101	0.000877994170172940702149375349800908039	True
61	0.2052831729400395626484171856308854	0.514812166787131229540903811241005309	-0.000895427435421766452151332961841742876	-0.00321442547202880683085253930087024365	True
62	0.74434354883894028028878826565698358	0.249934818667219476081479064839029459	-0.000536242742496079488347807795962578411	-0.00211541407320624930522310103089972137	True
63	0.826843160367094354774331791752059996	0.883166207069132424330611038744881478	-0.00283828861522779471712461220848898122	0.000592448136916810708269592849239499462	True
64	0.268128201582102750924996588554628115	0.256454023476658189996000355706657298	0.00140471151001016893235100438199701006	-0.000424484308721924800166958972404793933	True
65	0.332532023071310485779241420894951957	0.84050735156794618499865072128568969	-0.00170032567502820154004783301055639059	-0.00345938075222218386571941193622281013	True
66	0.939103793069885386463823056425806227	0.979179812842364478798391376008736783	0.00332724153038499218340049895358573069	0.00343987498900943163769460186884476842	True
67	0.739920793884140892550224463463505341	0.46927889289608621509224133973042055	-0.000351259125071441788538179208234050004	0.00142974638332293255273287607320045817	True
68	0.478263683221130470428626258476886115	0.222189400667028723602372264826765441	0.00083258975976029346315074567943137507	0.00132210837332152628908188621838965269	True
69	0.329670865264509797504956749181161295	0.359888578681008189671300581215054089	-0.000896788899384374036751943114239874034	-0.00183586044234661556062957348157781001	True
70	0.0103626763603801565541832291691850949	0.59626958879013579164719357806995867	0.000421970473535976041586951337748466833	-0.000712197639993414273016803433076044072	True
71	0.0800746375225241032148632415880731759	0.147630440763561074903088264899271553	0.000115768289300825688555775596415062898	-0.00163172233008954823328208599463566325	True
72	0.776888060908262762946471774098247438	0.145165158829839869811008093503100074	0.000402421343412029879273557346033025188	8.50293974594469845727901284666925106e-05	True
73	0.822547679566077802153796605920334617	0.800381031649048819624652777761729764	-0.000870483899043798519715546984982727854	0.000330755222361130681100300098494030602	True
74	0.974536782486466748950884801045085401	0.520100658392759015386010893578055031	-0.00219776958790060040213151404878810274	0.000562086416458533740504781241534250895	True
75	0.173582980477698376229731521917430695	0.561743452145203783192382486116111919	-9.51084830146691526922593630517591403e-05	-0.00266533116468324953831579633994013839	True
76	0.2920594141185896152105610816943768	0.157254077894493166399424180916372332	0.00316656120814378032767526732914345172	-0.000874215765093657957786274159969446142	True
77	0.0940004000340252404735140838001684588	0.960598649784011762523016535515091204	-0.000737368620666744262637969470641733292	0.00163598648808855744403660602591416841	True
78	0.170744616799195233196177213955162846	0.423239004431641151207978368673134524	0.000810092251853285419379062158572213424	-0.00125656896334952936936873249376400702	True
79	0.22792966555244676249845577778646504	0.988749369443782203955281854682262636	0.00229402704883989358590543231166155812	-0.00142080703734360415559978153383940516	True
80	0.487546716247841269193648272371978196	0.424115518472961489933307276262902427	0.00238974986769004989162365520073876174	0.00127884050037804294877660605760204971	True
81	0.14467614595107483658796168742892893	0.501418267702325487802047809165833666	-0.0012545407455816313330698667911461684	-0.00201276203524868454861538331580391454	True
82	0.756880993196484004478397357462335726	0.0491408308804657414426109776934497771	0.00243861657573038751614993110817971067	-0.000463644510317637605791299525750624857	True
83	0.058598441846481001348973480439021605	0.672837134680023566644262288223032379	0.00186483000924554074253385530709761157	-0.00169694280051173200586593642566740079	True
84	0.812291599501184588085240990965398152	0.637597525724392311741456669633584696	-0.000124252296775637798097031137674983086	0.00452883277190591726241200979830970015	True
85	0.571384608254074065996930699363321965	0.0044520225077989348364719084714710796	-0.00023019718160435871019655700339813119	-0.0034523143874463856600171022085802559	True
86	0.370602346777308229723190512243326233	0.236862926623616973200490600147781418	0.00122833287104440420716149817002940076	0.00112621093268083974268949291759974272	True
87	0.62142746936671023166163244148651192	0.717677886084031180270621170954800409	-0.00183073892297666233797379025524161816	-0.000697666032059975743499746359482057814	True
88	0.658905284034418866976528136332609122	0.94286160962261087005043099705045409	-0.00016095869417362295571815460691071745	0.00299569301742552049447944815057349287	True
89	0.825746121199479960462245853322716772	0.220805285665838005074198887933010903	0.000242716498451893950803610966208506255	0.000422790050495406586065879729769914374	True
90	0.984191037474955785935346721275025906	0.114286240044406556674058277433450794	-0.00161473705614928850385247012819053131	0.00403186385916931627883864179464013424	True
91	0.0292321685453501608128029616829030667	0.456070629322216141553541513792407507	-0.00447968352156169229574133325289655732	-0.00159612528027710583015517678033919038	True
92	0.424765643561812555207317820033695365	0.0405103612142208505368938084645429297	0.00146446082873619826984273113598956428	0.00133214167485738206803887833976639905	True
93	0.124341288555530572956959029614384028	0.0454938055162696488448705071638172698	0.00321501055470712626346326659433300654	-7.17842267864729262748354847721185198e-05	True
94	0.573449410115587759726310505291023892	0.17272891230079809284563930169833111	-0.000318035981198689093401481703741369376	0.000114532704583902635402895915113138807	True
95	0.918933919600217428702989934067480489	0.0604469207214275150169340659139102703	0.00108041488956018159903328648034868744	0.00132709187923417715656299687134466881	True
96	0.738078171125845577495247361078058616	0.610460538433132307091055160257724976	0.000194494953675286057724585084714279487	0.00269797379745919528066278911748187268	True
97	0.501948499749857924805681876628081151	0.993619646011056927983752568010970876	-0.000447521759255439982212507244563883933	-0.000472226874405893532324644422071170276	True
98	0.666124323633487779961976177161370103	0.582378216081819893348483691050194025	0.00132734312039064145777039645964988342	-0.00124231016333639845210531277422406319	True
99	0.506715791004066292137397815140638761	0.322256211952491383119391677822129128	0.000493591493299710110205743207052739346	0.00117210141693583399272966182294420396	True
100	0.202276539284109312956952876517737026	0.101291723305865678087113177595394331	0.00406409992404312287942378886180263103	-0.00145060682145458172856496619943331396	True
101	0.459057519627332253789948207568219284	0.741472804077656994246278272034051983	-8.18086210526515994732940675780988917e-05	-0.000846547427455124771620975638664023527	True
102	0.681175362709120466041375845930349931	0.775406628731335141263616562522662955	0.0021079524176162475303673267234800192	-0.00470339451777947785562800726801520443	True
103	0.367970712621963359144173155559419211	0.622376424915034776980615924046279951	-0.000770227306463624316501005824708060475	-0.000396132077859204274171109408788634935	True
104	0.0671845116390701651579930618863098813	0.776676551690351730071650484184880009	0.00217657666577511575102301077324903404	0.00220864706883894960859247382410760678	True
105	0.391876806021543484917728850141356242	0.414818687807001083642113077211134871	0.00229592432251451624031389269195177363	0.00209546280511073736677247980886975454	True
106	0.0193015909749254591396613009689923894	0.0273196065442531079527292801653097905	0.00239110630035317635744039077730999866	0.00538499729114453460926429116430638747	True
107	0.214913324354399289792504611954420965	0.775954822797351992740260341698071599	-0.0023684304673693223091674354657299548	0.00268633617882219080751554893226710474	True
108	0.158022643920257216315438499534630875	0.906707855323722956312640820485058691	-0.000917426185594184390255860440746244889	0.000892220904020401369258854789313853991	True
109	0.190728704448701740940482725929220507	0.197502093141527371476975189906436752	0.00259369869445145114069933660213465771	-0.00174166495612697509105603867219686517	True
110	0.884461686996488350939374638917689865	0.152972803580906536026023774393453745	0.000295365299011407850959195709588291787	0.000644639834243656846089039311564180395	True
111	0.785820838712810068487722988634889838	0.396068975674556249957059327330407236	-0.00255668420676864066518225469615126843	9.82588139876796145558034277164842181e-05	True
112	0.247649035366018569208522379406257853	0.713351735227785611327856737920080963	0.000178998560735419409107628938518500402	-0.00359508409740528417750853770332243829	True
113	0.962102266679637852232313587111255641	0.174037562687533260501402904007311306	-0.000831700292892228246691842973919018748	0.00439442660694570278675233002218980496	True
114	0.887676545921812225159496985044106167	0.495346541783430213398457366623049279	-0.00295198202059426387625503531595139299	0.00327874743397493216606425702701423639	True
115	0.490338839901878056484896464241477391	0.510150173903588187189233441205591147	-0.000574847126984328860328229003380021136	0.00117104838316122972281294890355240398	True
116	0.879867463403870921081055002079964566	0.378153380187072718520053418509990979	-0.00269829610231971008533087255187265202	-0.000872796985955853009536947057559589079	True
117	0.0975988062298993264407336341854841095	0.456842400587386415250303381798038481	-0.0047465934756714188397804860719815393	0.00183735200687255189665002838546802687	True
118	0.984324972785614277158170263014681517	0.346830199398223798728886312300003542	-0.00161517219790854784160649752991246214	0.00264592765356966749322942560246152817	True
119	0.391555003211021558616617006302744974	0.79905908111568719358924436541517252	0.000695154961210540859549779314367079324	4.21544758854686127915238859153689526e-05	True
120	0.280259315357944705881285798329053103	0.786102471042891242465670254749519098	-0.00226174025554707722289956396092386184	-0.00244989753603986972416091978373090013	True
121	0.908303225539306752134022078256475499	0.830289030070637195709073720601039908	-0.00098651305925987646677301862644815177	0.00105201019894462051203568632598232394	True
122	0.746653052242690469612458264057830764	0.839789761690840813781163415987761674	-0.00188527796033938425604609730323757387	-0.000919507038098211458069055837178090958	True
123	0.348322063392280599948843911208982767	0.718170112991120881997945732925077793	-0.000151912113773783527519337154706515904	0.000145381469254319323481890696900052907	True
124	0.147584200366898354137390790234276138	0.340993637476498836407600461407221839	-0.0012830744874252876884980402872712481	-0.000699915578676303298278150991688509467	True
125	0.24573779441822294721132483649242803	0.869733019694186954079012474290377369	-0.00151555812110641648429607755388170353	-0.00190511500183861124705941690910347992	True
126	0.989984781996065196388464011627029657	0.738778303733155692973521068296009053	0.00349539759964491872604139112492720978	-8.04520463011737846317780561206474443e-05	True
