particle	x_0	y_0	delta x	delta y	stable?
0	0.59978391522307906071052875105339301	0.862922028604277836748166530713923558	-0.00015572891621519224947477004997579842	-0.000570214553623757791219097620632420261	True
1	0.681170911884471240558836763675913555	0.174619843560192158221346446670817395	-0.000881341109830831908770229902210202896	0.000377762945693135356203522107257957439	True
2	0.411298943515700787593951567354203544	0.326612591121551013206537659716819076	0.000124655375911733801996080935189576252	-0.000657978595769121270463936626974008829	True
3	0.8988830900975238250932192445867626	0.910428354594261503998343219182796372	0.000354869893700245297969543590274647194	-0.000930233719447327093250544965004505252	False
4	0.152767367011539494665796867199662493	0.806645973241284564807336550842732877	-0.000515520163386424754198388896925194865	-0.000556548765465775158918990521786430455	True
5	0.523291377571105431605048159964670717	0.68948347960583648070795085635954257	1.65409177984183846663191669661135241e-06	-0.000744919248184544595709040682026701684	True
6	0.811690922213909241708295940989164276	0.313491656008920399843902570374879208	0.000351715856271872611913546644336313101	-0.000536589993862740362495748504828673851	True
7	0.97914668293847694483281493644009077	0.901192518309418344127492908642851166	-0.000233332083388088553035326477780520965	0.000752574204856880050896861520701308267	True
8	0.188494780869351451682393650501713013	0.273373164104325651208155698968914497	-0.000176982243580898323949150833650206255	7.76275717159432273632438072667442986e-05	True
9	0.0944267018400081517024692413069738177	0.397261810369370338639392637972908213	-1.15642814047748280489984608893451145e-05	7.79136093271727370464913253285726423e-05	True
10	0.968913162688318536179017900934167371	0.655632366409378777263090546052803138	-0.00018464585894521998466285886368063973	0.000396522298989308207663446065167117287	True
11	0.302359652838070133674774431558070631	0.621915043269806809451496115299015068	1.82960432192084136570808580386638494e-05	-0.000186407690186987582980226531451071831	True
12	0.325149742565425478540555566757124415	0.552252124862030790925871402916796466	0.000361663390862712599485300288423407201	-0.000138411992741843503799014236428000796	True
13	0.0677094872769289754194278926782379567	0.852773167073920408483587208552432802	-0.000494362333841872335790092504333697692	-0.000138080660219124357239991532598207599	True
14	0.525515510427079146852108493517302584	0.937389949168048552449934484318147938	-0.000844244309399248874211970677411388645	-0.000874681638091712131428911255508799987	True
15	0.721310100764039782882080742159365782	0.566468144236872167542492436358977362	0.000112345165027885146921899635594065246	0.000333704016632668666963429425713585517	True
16	0.907686852150675373842831179977375163	0.293731889035805438427502406669117683	0.00030675125100895392252619617527415194	-0.000642310265679133892056530460286248647	True
17	0.49018187057522544088428038263577592	0.852110684724619127148962679612277267	-0.000229164219223342640188763694557188858	-0.000957316764804914519811517175970099766	True
18	0.596457694589494306282989629361900848	0.955132542646127033826479916922758848	-0.000947456368931851890260067978114406013	-0.000715971820424330136899248900128973046	True
19	0.631282684929249910361083466195458929	0.287868658539139530711346827213409243	0.000226879046186690600912067985175243626	0.000805230748772814582402553960669885887	True
20	0.541642511986074704433465697199573807	0.777504695696832742053777246128358389	2.93805680163240173230259450303628759e-05	-0.000740709577914422654719532954581431075	True
21	0.883992889131490951032334766355625135	0.711378587288107973712770030594546261	0.000322519472865402580871447666454156548	0.00106295574809386258074791025895277144	True
22	0.472042612051077493168269988541069948	0.600355601880202676304746669426942971	-7.86907025928443252434462114897115798e-05	-0.000643743844380888615847234884357150525	True
23	0.67513130947376975323531084146578256	0.405417763979446941870641761868798791	0.000668516587796853737292509981729349114	0.000453044602252023178039102571605440427	True
24	0.81249365290086427600703297438778585	0.545845846260663098499256231063495232	-0.000536928311614297254094442746937799866	0.000883189777328480236244693060004909768	True
25	0.339156350409742247989162779481543019	0.0415097326841690893515572482861399427	-0.000938919933357986336370688492106813518	-0.000319482787603348912825860322799606223	True
26	0.688162586569030834504473108437587275	0.881952635668117678414177064555008296	-0.00021074263549115572705018993579939197	0.000453315510626517251777778450876028696	True
27	0.264962764096298104108006149766326135	0.0656788293933974680975947472101866055	-0.000924869076697089560118738971907150151	-0.000145393939341128760763726307996244131	True
28	0.403120006447287220336049854030293156	0.858628868321047144989420604659738989	-0.000155803253642762635924992387497882851	0.0006281100383370247315517445126800295	True
29	0.432238380235128999901729897644688806	0.675273776834344532524446463012358138	-0.000509852768771855664863822895070466488	-0.000825123249602176831704343823252930572	True
30	0.298348500702334044068522610475887517	0.448142678563979255875953754056565961	0.000125906642121758100658593411178371084	-0.000178072533808092096616973836372556794	True
31	0.131267006330972984845193490834366952	0.615216710149071719349831914103386453	-0.000115102456463532895007395870060026393	-0.000272762783790763078965468833959544594	True
32	0.33364373507591563905349182000283941	0.941775666649098126488141273426388054	-0.000875426396552726684051937935039884231	-0.000271619770679603302569994383490022286	True
33	0.638593119288223118895687819856748271	0.073091124571163426190954409750155146	-0.00195383604720776688312827981432912254	0.000715241166925457010645466303880631111	True
34	0.58497240999995979903477082019535692	0.39179770069702542568481345021136441	0.000581954638881481993023650368230971391	0.00099733339350665277992652768520792814	True
35	0.733284627856305184144601584302812694	0.335788994227869257381859662379900585	0.000576942304089594851028325182179075831	0.00031184027757953885399835364436794901	True
36	0.218190371091950917174746174566448447	0.628973609656036809413210868207267437	-5.71478892371194614364853403099315948e-06	-0.000360449347002554889817060733121454373	True
37	0.949990020914067522693979014153563923	0.425307667955347685684656062081531884	0.000186019965868144832350142281961764012	-0.00028107417952974602107094823437045406	True
38	0.245229559694999078740040001135518548	0.545013662501433927934250992951387048	-0.000103658707093891762738729678795061243	-0.000344468532941600700013648784483021129	True
39	0.104516020016555810219546550873490056	0.251760260705270242040238503107910971	0.000524377864458527210332701746549659104	0.000311541390897751955815366927632438935	True
40	0.815903274073854096074017387330175961	0.470083219615591705519451848239952401	-2.65412899027682100871175674531543327e-05	0.000902156360149586900902429258802080987	True
41	0.841854780896898614758781050981610772	0.088749148008069681702723059514719796	0.00174963888631824555859256140247949191	0.00255369057886558145880123418808562528	True
42	0.0807490548917062541487251122179700491	0.546323748497308648099482423316850624	-0.000527705201447199613309550099347114006	2.24924444134695853458247688499778587e-05	True
43	0.769817451793946643255795395417777816	0.716956623925961474601483775267891717	0.000454270237432219709800235434245939588	0.000110638731187032261719681723777357618	True
44	0.904538070316042797361464619086735571	0.586499032066650399153954776284094878	4.43256891953894424762997792243821613e-05	-9.65549378589748264872978677026994993e-05	True
45	0.237728670032280375717904598856133643	0.342362916275769538160976391484824935	0.000355957177168938754842425951932312927	-0.000341593448130025141758578546002219368	True
46	0.696952232477252243392321841164354618	0.00122541206559417055620277399958503776	-0.00209488249826609256201148980967670354	0.000496422021077900857371247673190106434	True
47	0.604569982376780678208235958070861728	0.658984296740879596295278860230257432	0.000470274335034707881843295337054477013	0.000763285923491224723373596373297475577	True
48	0.578288564982055622327602069140239591	0.468936167402999547223907082578096133	-0.000564936497919846296110483876962338624	0.000869372468935303712735098303657478095	True
49	0.406944443106943989109659466942038334	0.512555305474424415397811461325557301	0.000184766538353506517457302955142598817	-0.000680245714653419307355953136662621231	True
50	0.745735462489788858880843344844526942	0.935391799128425119540329350467886573	-0.000799608257833744379503703928682485347	0.00134633934130868565826593475587391999	True
51	0.679663571024959610936087337901199403	0.693799197025610081082492116424242355	0.000523993593229092765729592372866886757	0.000452301396360217661468337914190375953	True
52	0.655420138511933293848538202836706979	0.499412665791063305096668042963447705	-0.000237889571671134927497168417583465414	0.000197068777937458754237478571993104304	True
53	0.153293353616117517182935387579498917	0.707738888731771563016311342628406571	2.72892350769861831379508426893743486e-05	-0.000462447412317395114571868752921662955	True
54	0.39674364411662722165985678581972902	0.126999682097574620543310140988089165	3.95681975479461145916204394635859309e-05	-0.00106645137003591475368005852981006888	True
55	0.000325209629255521554139515070544402741	0.237400472046767984714528504846276099	0.000542150857485655953766809428918060227	-0.000310133022053794665934063528088311443	True
56	0.577670140190955784151543717223566263	0.565235967019156309490906332782915107	0.000354032447433996362125232201727937366	0.000853630897170635763233968077213070574	True
57	0.500776001962043548111473179694558544	0.0880684139319621998643776997568660913	0.000367933724510169587474892887881978164	5.00159602178693919513942154447374771e-05	True
58	0.837330729262863818824801912763643197	0.992999497160753364833177527690768494	-0.00131538688064380554696298207572942939	0.00251797844817657078689395279570664509	True
59	0.987392883625849050266446776577364974	0.813999749875844807480094217949260999	-0.000872021028336064043497563557310111325	0.00050052690331817591624595494110455482	True
60	0.433892848734343174100451785169665593	0.941732789010559194098484705483942018	-0.000816668425589804818775022461343973161	0.00107048993196006249306504883392375367	True
61	0.20998976266090761078290060172597416	0.490224005637016198227129078936108714	0.000106607101172823643223591828223273704	-0.000445957140248226495985823306612205436	True
62	0.746952293562356817546564949263993729	0.248782184311845528007335597592702437	-0.00021969019771016458924109504079749428	8.75937817272472052360776418860570957e-05	True
63	0.826938935119675834425977588423887263	0.887376239100440996596473566277395671	-0.000131260331214004585480298339480112479	0.00230257254219696883016754884931534445	True
64	0.265053309069933091947382127507953896	0.249398702266123975105527332780283681	0.000831416637408563992619599199560787421	-0.000244534061993179927657071890459464038	True
65	0.326863154349556878395675877974773413	0.853044267747268794839114891201609859	-0.000108913885038693876546749703280495753	-0.000287402351981145074673168972163946085	True
66	0.928967586175573637673746848872529838	0.968850361140906051353092916468122155	-0.00184463890728760748544661972945295631	-0.000181509735981944850906023745598693415	True
67	0.743433600023983623433471982708251882	0.493386444688319236441434919414142473	-0.000192634203006952213613500736475093729	0.000246318651903932640897584522595489513	True
68	0.47532583625254452622589601796599732	0.218490128059704748937625990099111771	0.000313729890804876426780418646599039373	-0.000518172660994639484606112958640731598	False
69	0.328368146092712023682567056459584297	0.34042204903407067349408995126049164	0.000294204144941615842718562385668492132	-6.95924696889357363553736097510569113e-05	True
70	0.00659688708671318517139409377616111821	0.589148458784678039102167920989851282	-0.000450689405190926314718312576854511004	0.00023023910356863162326200426981767691	True
71	0.0865252120996317231107179475486363865	0.137758183560974645893944299946308965	0.000563554976524526038615393868001889301	0.000410658445377083745100896304756754488	True
72	0.781601446071213488584647511552825263	0.153458918477685569909771053563641544	-0.000995623594179643713596738381723171024	-0.000132005991389263621193186244731173982	True
73	0.818101221744329283686499803800641101	0.792227889533541720308076316390052986	-0.000358494260806086591022035346461787002	0.000465621944190604893661440732702502026	True
74	0.975263240408180609472051260585699486	0.510269580973416584433624239121374691	8.26358319829987742529847436120608729e-05	4.43911883876211756951330973395685476e-05	True
75	0.17597885360172773328366957656169656	0.560275169861285049894280865356059276	-0.000112673778634229176704726258992875584	-0.000279061021533842721655614367870711179	True
76	0.288072539556080359229018369281281165	0.149813509727528718327350432405449903	0.000228336488686691123290489425513331535	-0.000439699594669038388674382718404026172	True
77	0.086443269247049731205335761854730651	0.945210938262328020643241280058915197	0.000542753324364471864841003243198196531	-0.000391753115924407843701792048215638198	True
78	0.182368742769000655113199814242579536	0.423182879684953068197901988228530414	0.000147568959655382111571536348687674592	-0.000443674816755640225833495158999742148	True
79	0.219684560439577977152205919227384139	0.977723353687712410975193698924032021	-0.00092548478681784699998357167227199963	-0.000184970560803126712637286658399572781	True
80	0.500612453441393349379433546247002717	0.425167691595226619307279239823354396	4.29322255644015026149573836843483466e-05	-0.000316363251979589253857457547741691883	True
81	0.148466517209580776019439142812568512	0.49843038589872790798750093701260692	0.000161937924592970588938896257840383377	-0.000393903281151264036942695750668111484	True
82	0.751986997721394223822799881349201744	0.0575481243633686199349162253171847853	-0.00249083528019913587937239412114445354	0.000630330783050896343341723251200909013	True
83	0.0564702232723103806598569710555357757	0.665665570842530569487783047233861775	-9.02321162176079029326433703998885972e-05	-4.76564467189951234128970572596858639e-05	True
84	0.815501231666420286708511542363733871	0.6297995863046660833038562472728169	0.000509009592027433355461968686729856925	0.000866677400228271276665581887546769612	True
85	0.559756169696459120309701314676007517	0.012679949956427560162867650392947622	-0.000895375064472370643884916114089869357	-0.000786435789685274884614278897882213403	True
86	0.366764809035566977850487916906298105	0.234417811838622275441386861080378136	0.000720327856489846256473138193063315085	-0.000912927558919485333328594108987321462	True
87	0.607910367127424015171183859150312928	0.735157202829226685473015383925627388	0.000938573074463838375661905704113534712	0.000736167060221411703077097561029536834	True
88	0.660771821251645697772178821472556347	0.942039456179668377999246312185083304	-0.000889673616974536890592970662733861831	-2.62253471398400418030291514336519451e-05	True
89	0.832797960447585602484058887975632867	0.235806790509252244423951588022801615	-0.000314339637718883818354881822745530894	-0.000753118918459205520191226914493845313	True
90	0.992858213255214413136823072490582908	0.104335011132997403162471805590238516	0.00153542400183681026113478526386228906	-0.00190021703268275629599803618948182768	True
91	0.0267514734848793730319248712664260361	0.444731265133689203823489491394223207	4.02815777597571313709620283356720778e-05	6.57440188463250470556253513837226872e-05	True
92	0.424451970654685372670538903028153173	0.0290983279175630181318545612396134449	-0.000639595205027688102572247616859390454	0.00119332161006671518822386742281575665	True
93	0.116100588078851167763762247005601363	0.0309530955127938505257654643411285144	-0.00102644451705507011503335718840276698	4.37609642065699543588075230019655282e-05	True
94	0.57559716177270500203247242246275354	0.171903503382982982644165495979488202	-0.0010018440679377471945188891742977467	0.00136035383703034897537913858675107595	True
95	0.920277760860070553168828127700219313	0.0621411922503689231149696122107968844	0.000654115873377573930012910188897207531	-0.00013934190012698694161773236337750701	True
96	0.737078476928072105634249432518373445	0.635158071430968481154302816999353413	0.000445272998687020795307933981443881262	0.000253758114515686858930019751066456124	True
97	0.487554903552857783399871886485534847	0.000680505921490541548541639340292951876	0.000473913195024891310388966993538215901	-5.19316681936595284400081448151324422e-05	True
98	0.664774723615354468153725413710349838	0.60939152761963908816834428420534816	0.0003641853202692247402428538869876052	0.000658795945468489595597913731290856847	True
99	0.509249239107688112020816654619742052	0.319537856691615691747748620613943375	6.93855538430392458201409399891768402e-05	-0.000301232679705023546492442952507108197	True
100	0.19078637581377242287934009059293565	0.0915736579868995065630264164295091735	-0.000913370405216944684351609105343098125	-3.76087404765378458521456732968127262e-05	True
101	0.447628044176555563428939861765077474	0.758184467054776995611296610921812267	2.78182953613146130778822301840124568e-05	-0.000885892178897402062253102223718523109	True
102	0.67558484566981831066829887018129953	0.784723264535515756407384298838663377	0.00106948955599886270412292980147883923	0.000532919801771514120405602345635469028	True
103	0.378222272527595292343412674504543799	0.608954877348178147409251029707749547	4.44686284889959423651626318727423632e-05	0.000177658398096776984628365857123486515	True
104	0.0715797427069190903084960623488131387	0.758887057237062362152737322828872153	0.000404080691669175275118710748652096829	-5.85471237628938246041249738364859055e-05	True
105	0.407210894572793000927271621504624846	0.415086614371565413528473439004827542	3.62389314929348896673721029850056345e-05	-0.000664379677779552520304198265093551978	True
106	0.011915123271961246139016142364886151	0.0115038331207368973889422167622978955	-0.000770393326031301845196301519383699109	-0.00231296615941937481438488190632937301	True
107	0.219034991214477892810031363867657362	0.777736252302588765431484467619577018	-0.00055482018406701603454851357850920519	-0.000533444748151075793302816314916243983	True
108	0.15129595632907409123578075940059084	0.892854138918260580527310254561135837	-7.35604733218130036392024383205393747e-05	-0.000777050390424113698222472261330658416	True
109	0.187924930136822698446079792321642124	0.190146762055783989936096328744476957	0.000549538099156776929561913194386548612	0.000101665359268499832952659383575974947	True
110	0.888083758294930385040724961586251591	0.164668678846579792410550456677044893	0.00299824344282001802478550747055244342	0.00190020699945348432333004196173403809	True
111	0.769576453921968616524830350752427006	0.409915823515192223706516674673097511	0.000576758930785204714466490925151859037	0.000413365125000876691780183996743497804	True
112	0.250219243184682246145629398706241052	0.715602740329233862896344104223217924	-9.67785130772219493994605439642998916e-05	-0.000237155636736417358697293212761618559	True
113	0.967961487795215378523795846931909399	0.1635749355364880273228010944496165	0.00292274806582826220034495119803614672	-0.00133044113502852308005193169666605601	True
114	0.890004811160273671414730348022015087	0.48568133551684238686563822507891408	0.000191601760823478525737807273537681352	-0.000287509216989000591137179277283946408	True
115	0.497958190504617504436044615779293899	0.512793757395253596409574181597472741	0.00113990899850513347924165223695345978	-0.000281778783746974550249168260692404595	True
116	0.863077268007228509118866174497741267	0.392829649799157035465097568251856992	0.000352448142806715171812535395893476985	-0.000516526326799944808656517100772902433	True
117	0.0888302245843728940678813921666908188	0.471473732014874630590414872059650865	-7.70414648801738818444522755483760395e-06	8.26134046108662043463107422257982655e-05	True
118	0.00690210519278857982214650883242654457	0.346377373153355231373874250913742108	0.000169725474028850092178644294116756141	-0.000291103127954207988656279176185753447	True
119	0.366814623227813954705935063465734666	0.793861172690953049114860485158482507	0.000443647341828828115542403114530147718	9.756987921348659727756393928007697e-05	True
120	0.294195497321312232698670713265613747	0.783946997162285008228839653262182953	0.000373332480198860688101815099978376205	-0.000435293642438679567809602917513554154	True
121	0.900837191872743772893979185088824817	0.827619418145839139312617657195604488	-0.000787473738092467048971112688034763922	0.00121918482607354725353510715458433175	True
122	0.74921049739398925512259998193158025	0.840181356535940263524871672637896283	0.000403169529078257503746892800308267323	0.00144668941444932553632766955961141761	True
123	0.349592845368251124810455956578000905	0.703557799573543368680475505105519819	-0.000232178666843902830271758050600197979	6.6958656406640201378302800340709582e-05	True
124	0.147647894991906427635280846622878374	0.332803369045723658194134403271060818	0.000320067037123770691323556766975637241	0.000406710431754007618348100231767928101	True
125	0.237550375356406334681908141352108781	0.856289037656776115817815460146893087	-0.00015595671944927680595870473045447645	-0.000679879187980508003764824165791301317	True
126	0.990089131831606154269864286932403306	0.733078935596558029008357302989146883	0.000335352235229680442216089164679262323	0.000410044277013581104944110872975959023	True
