particle	x_0	y_0	delta x	delta y	stable?
0	0.598741825050591512610229282939854932	0.863389732534129609945523281173673472	-0.000339197606726224997954157874819138237	-0.00068590052450521648768269784915965135	True
1	0.681975164929176153671139094082034704	0.176075409903897959597537151494556533	-0.000645066693447668842245143023004019215	0.000460782471823028258640962456813198206	True
2	0.41423866562251140496638971929537114	0.328432608973587641281297321720595317	-0.000121879201406252304743257384441199239	-0.00114820830207302015642871003481201916	True
3	0.89619960649767506655587069303348409	0.914125813275529567246714249059679533	0.000621052079415967656424850821425703563	0.00296987299989874164251925319440835154	True
4	0.149095360913411939796645632381161358	0.802907097934169869157286408656956919	0.000855588909124207849726039679859194827	-0.00149107291678126575709988158172825391	True
5	0.522475154067501197737872397387510513	0.689682230771745146475157416977895096	0.000347450023546549232489335952250773183	-0.00131373868924181789072163740124152945	True
6	0.812911430706481015326364783873482368	0.313663467132825704267958515711273014	0.000253429569964330732621234613615533367	-0.000547622000194999299202717921704946605	True
7	0.978916539271413042672414827196458232	0.904457053659092333606909019317187659	-0.00487159440272298245653038118494419005	-0.000983906639478843821974162492875671663	True
8	0.18648860649591978889519276756516837	0.271258539511751538939582635462156981	-0.000235664162271354171756881355525277658	-0.000834458854896351353907516090167919962	True
9	0.0957620609376291669979512697747241576	0.396681143366345973641002657488220861	0.000276122807111377926151912595871967633	-0.000298670860623593424519600096608047601	True
10	0.967637486536315410818055402389255399	0.657886516955208167566902112157491137	-0.000442092286892839395286400810151415849	0.000212393286749198105256698212404581455	True
11	0.300576875293272569211700640921450547	0.620350180580516102729492806352479464	0.000146329959965592065446312788453592607	-0.000837152098921986855774385412166854701	True
12	0.321467509041174539064671380774995425	0.550082172552083887719530730875490729	7.23969350569860373728090536234059843e-05	-0.000923340010277770501055188868293589171	True
13	0.0652465621857132275698873309971102848	0.851324291352615119026107457253637335	-0.000418046911418917022275930617948102641	-0.00121886972170951967155776322024758591	True
14	0.524721996089497556356554255070312708	0.937679814856401154948094648028328511	-0.0011430286518509289570597657405235359	-0.000817559966266026478188643260117551936	True
15	0.717037316747737206687014487699856192	0.567128899349874517856884570291167771	0.00102920057696796962929309398403832989	0.00134774098655648109376257111008760326	True
16	0.908201183006512548008873638270251314	0.293987537541851270644010156190686739	0.000209407167336738637521489059747710591	-0.000321971355309932102000880948481032812	True
17	0.487512717002143279997956068133346666	0.852815204122271324532341355574026743	0.000272935407856125048691389627919774746	-0.00138785010269910895145261578860730844	True
18	0.595468019481707051671281626372430208	0.955884715416074178271196989010562195	-0.00126966902861065654175792856272683972	-0.0007819997054870053789900854188043497	True
19	0.633605657979549849972848671959656887	0.29117636137457632328631594087861927	0.000133104104069766012220112925446039179	0.00128223188765054571384116610195700088	True
20	0.538869659348793169572344027814194384	0.77869543509020148105254375286369271	0.000420267923554409963307654731099936193	-0.00129863119889205778027020539004497955	True
21	0.885760770951366448207989067928759345	0.716741002126766495718819330865521182	0.00084073433216871035520861295472253801	0.00223799776557720550427280404959576136	True
22	0.470491500994536468066516806245498055	0.600067645032156440799284171452722601	8.54319381329220912905020013196783681e-05	-0.00113362069126195963648200564458292175	True
23	0.678563244337525491067426197971430372	0.409515095941823536481432390735243422	0.000753392963795558229274014586964165887	0.000842637144243114469902734869983663816	True
24	0.807962723993677804848878390145122614	0.552358789323353646137303301840690182	-0.000782827436704049104032093321734382082	0.00164673913450217360095387437596189147	True
25	0.341148024946378538564943344697035334	0.040261672903258285227517017106009385	-0.000393613665820995679108275952433345606	-0.000779090829859082056920111626072562437	True
26	0.687168323393728230006277416794648642	0.88341626120972998690132948099965987	-0.00019663971379988161101472119605048794	0.00025726403311852356563806628617563082	True
27	0.26654203565635859727395191228041441	0.0603980537306556004583872120236287326	-0.000588540814211113765764766052099621728	-0.00102806778002126966237121430516601559	True
28	0.400468553453601253815469851983994565	0.859374005469050985833768855181525245	0.000345240460529511161440542376647432924	-0.00027559709629630777202836470933538376	True
29	0.430697926507810650764499807051126226	0.67437859198684695894104935530915681	-9.68040613870300830873964353726014472e-05	-0.00126388191674293232014760352234094779	True
30	0.299761747958435303849540522279716925	0.443848817256779708023882040019786512	0.000237379831964212908750210196358874379	-0.00110033938701717606281114460996972413	True
31	0.128922827156860838090632375977193783	0.611893572660164058556862227175197298	-0.000147717944061646613688284244244591032	-0.0013574177281546120470901068850870718	True
32	0.333468989288666643355383741525699422	0.940153781252638425564851709740298714	-0.00108423381867841115440347864903296742	-0.00076896662455221161817540338366464241	True
33	0.636935126392658746770650647478136621	0.0750130809756734428270719725324136897	-0.00226402524713973468112551259434482354	0.000969820822047589441919187078343312292	True
34	0.588613069045824221741617399219407665	0.395698637932436240775897409693789728	0.000744543976036966759089224722999537042	0.00175530326201141447877789501017855638	True
35	0.73578747901755155981589072010254109	0.338563352334056844873576124082433509	0.000659625196798434294042319030939609495	0.000787843058745386478298768435219682931	True
36	0.216360036766359971726206069036322864	0.623602620265970208176405105439793002	0.000106310408395640328502393681930160266	-0.00132389959558526612041398566025753845	True
37	0.950230322638967613238490378920960183	0.425028241916783645240322702098304181	0.000128297992261484463918763609438536128	-0.000649801987918259415003827825624733832	True
38	0.245792920317552489490119848752124762	0.540266266993286269237354925515117749	0.000432388996903592988075967851102617426	-0.00111591513923531924105982933259961965	True
39	0.103310026337035304719099647749156378	0.253687653358763179521511787640343666	-0.000272524249375475198989462182303971864	-0.000411513814491964666339274692115958265	True
40	0.815903890207491754316943986108206543	0.476628483921937723925207366170487548	-8.40107104482458561007838178656043378e-05	0.00165591150986900474069907304239404409	True
41	0.847604528129692046465093079933878802	0.0946670642850016517376542380396691612	0.00320291280523653120282239253204395518	0.00485315305692377274699050648111400061	True
42	0.0743051819755094397343617761063800471	0.545490479093147082943854530116937697	-0.00132739873703609764081730402655555976	-0.00044194849175229783760649518714304164	True
43	0.771929220973567998900397503853758593	0.716713882141006933299326364575327574	0.0010145080531804689332298499994141753	0.00130029810008568956962574992485240835	True
44	0.90164916759270168526463709774776483	0.589016639275860448932676789583186125	0.00010983576918542678826385776973323201	-0.000490216463911226435758419077844213863	True
45	0.240642304844388536836794753271062034	0.336692384089067772146425318901683456	1.1560500253932455436020405105038458e-05	-0.00103346533018560509143211209096587874	True
46	0.694382944834025031939887174693537274	0.00330525494045806272292489299414672139	-0.00302214769368218914405522926979403668	0.000444141309311488899898517865951139649	True
47	0.604824843538144968763221456787826319	0.663481152649595151290760504371430533	0.00118478022374678572044290365729114421	0.0016370601305102637532741351110427498	True
48	0.577977643566253029813358006496556747	0.472521321111197398205043302477855458	-0.000846118501781754270486649323165360327	0.00159812505404146017495265548357817797	True
49	0.403763972414152412111742860701870696	0.514148044050408681002848255555119781	5.2122784634280179958838233236564717e-05	-0.00103947374644361623782857383276791466	True
50	0.744106065778170181439630793334597234	0.938812247676794754816775626958200798	-0.00131610126695334805385646231208240044	0.00187997578886166191141832816160969268	True
51	0.681430134063036449438020016335013753	0.695415096441731405298698175322465561	0.00115406567234621784440083037296742716	0.00146665154547581990798774099217495763	True
52	0.654765275512857274153422924775521091	0.503379034795242609294869074606581313	-0.000326105558593949281120950168983850887	0.000411313121156394882045611078253122088	True
53	0.153594530070346664082379323501763314	0.70375859226724691941296438888417238	0.000153856360236962356897594804021444427	-0.00150650966574048834771413964352950418	True
54	0.398872826316401492127073536812506712	0.126198012254953436088854290041766108	-0.000106202301594480830982823836963606789	-0.000958184915809360031517995291955034461	True
55	0.999870323430485105831467539520458935	0.237633702734828979017560876007076426	-0.00017423287789804687655525218787255222	-0.00062883073452143432256967774934864862	True
56	0.57683782181116511870517699411677924	0.569053726184011045971851474544892389	0.000922500495939337961422103519276906491	0.00178098031211578227825937548802211009	True
57	0.502594961593410302555885995212874606	0.0898945124511920143959716720516200915	0.000378683231150662650817247109429252094	0.000295088199916775509229112398294653507	True
58	0.836130718814346633509077083921362021	0.998092819560280721365208600258079468	-0.00368919555837614584167598453476391004	0.00549808017080130998092203502227796725	True
59	0.983467640202525765922056311835429511	0.816017094198937588775013973554429747	-0.00100260508451711018739904879376236161	-0.000453926658188060072908671601446663088	True
60	0.433490134663249900686260121425981074	0.942620467792845945996514875129210467	-0.00108358437783707963023602641805359708	0.000498251587957526536145948183804893432	True
61	0.211459084654702416579362741420353178	0.484382091592815806993250537396435374	0.000163567626967162277910942602034988886	-0.000934962164933237687863682034711420576	True
62	0.747227102724073571561019829483421532	0.250353391071838888872322310071168379	-0.000512873912221973101360877573091055306	0.000444381739197641568216684878480695939	True
63	0.824869322691535934782032516648676311	0.892010534662457656448846529205101357	0.000301131223281626031765688691143830657	0.00461555687523964623287691788332436163	True
64	0.270966745215113318985161887953557541	0.244985160904894343080720811507578503	-0.000277772705146469794895939470745620818	-0.00106525543341667694588328971475469542	True
65	0.32437195646708690188880511325156161	0.851005922280390628853245352766487642	0.000401618572068305578561627831943842269	-0.000912473799210662724630827022217978528	True
66	0.927306849363753062510845928576569944	0.971971141811133981147780083987205573	-0.00366960849774024878913227646727165218	0.00505192239264739661936500588625359498	True
67	0.742277069920964973266285916653122328	0.495136088992287278436378047110913221	-0.000241651362569382101110552390628701489	0.000852620205382296139880590956298162584	True
68	0.478273108288591295215182673078373748	0.215629894380023754222289995738717747	-0.000719867387907316514300002771760456825	0.000302848535256333327457410956233949783	True
69	0.330893073825008935925333112452082114	0.335846732946083362919844726038716928	-6.22251146035193817463950042564827947e-05	-0.00117954891600824394357074518462842013	True
70	0.00190209103827395929000212634907843864	0.589903705101914460336524747979918129	-0.00125146621274025903530572622438997366	-0.000213050217667565338486712225974377973	True
71	0.0897347602329744506181901438738072753	0.138026520539427790454184506226542552	-1.94609602420302858128186408601183366e-05	-0.00041927928017660172870117804976838307	True
72	0.782312990490276706450482554712573014	0.154606044479698063574617349474169619	-0.000471178535373579428662566332593501224	0.000529403296870585211433404903274013919	True
73	0.816911011717395191458976131228027613	0.794827745859959461934581277296991414	0.000361304889902713579807444555511686279	0.00152370108505249865989318235446123692	True
74	0.977011947827376814721963964569085157	0.508442423996159708111682403966292861	0.000196970713540915546424656575270596419	-0.000645526158978547575189660617473307524	True
75	0.171704440154322072148720734713940288	0.555837101188703850589259632728824211	1.80056512061113641311595450092673008e-05	-0.00119481048117966473478923663519883723	True
76	0.290357594095688263612431838110603195	0.144691001883981520981400952167166331	-0.000165862795338788573145932855590100169	-0.001102306005062850980842051020896225	True
77	0.0879225263540902849978458419493126685	0.943603392307087445051365872140812811	0.000348734827368418807083734848894312091	-0.00126104590085866582286305087194456304	True
78	0.184770143778544785929586468506054864	0.416388241658465095486511755602459127	0.000317859813677922677176078178096276661	-0.000969090603350297892435937159942823802	True
79	0.219052267646567957613232893103300044	0.973376993973587403165286321000505207	-0.00108739942469707605695236254795709178	-0.000822035747291552155148826167956670097	True
80	0.502985427351731128684330791933421262	0.424239482592655388997574828273740191	0.000172202417061968949525802935148986533	-0.000163406318565414631095147739678661302	True
81	0.150199695033815928879826569732003572	0.491129968382648830475548783009234845	9.19842313012090312707335579457968849e-05	-0.00116966839162983542019019271754081295	True
82	0.749736914219395565597755734982345274	0.0593538307323527958557139996237868312	-0.00552708889644174872554658100673062481	0.00266605177813433194090419001193604505	True
83	0.05550758139739419593217881362691999	0.664310424617551964887360960935073878	-0.000126986623784393025554946763302777363	-0.00102200708342450603588845964698730162	True
84	0.81513837045113064260123002301398352	0.63652371354125406945644469405806588	0.0012825645816530098928414883225452559	0.00156261654954460683087176867094696622	True
85	0.559068603297221694471714725086999529	0.0133400161706774271754160803868712301	-0.00109542908706360359964118586856286795	-0.000744942702299575332559387223076835302	True
86	0.372119548158877902186175327769727718	0.234538283969785227448559383622776354	-0.000507379986055261677237123249801659927	-0.00100935673590806302182418166872291827	True
87	0.60622136774168810827341177896617242	0.739917493461197971392523259267341378	0.0019863548551579971083059274837929632	0.00162516169608708336153057211170061623	True
88	0.6593812566253672115786759152123443	0.943175418275315983119950673159161264	-0.00128637607439182185502350512775184632	-0.00036723136383315910907438179012581308	True
89	0.831839278710705264209162101169538147	0.235154714122556603375146648928505741	-0.000785449055771071074044912609868771752	-0.000877501643134973101465189563142171263	True
90	0.997323343123324565056028511488789309	0.101850598723108266094523176339810002	0.000998428457352676082505133899322781962	-0.00257501777167773174938993224456074264	True
91	0.027189770034487560784220844474391461	0.441946013464691512630572215200166489	8.06799518151651185779550896869673172e-05	-0.000701944642551610908749097778046322867	True
92	0.426089193438069617799330329342852498	0.0307276432305107674637663826853066649	-6.93623397217575198919687496595087626e-05	0.000679311660873275144525504838632246955	True
93	0.117200017183859901494542739302365359	0.0301005837498089954872524597454600943	-0.00108426329443863821454618428552399198	-0.000714264367577050562989558479876598028	True
94	0.576987966822097435362472134545590725	0.174878814242463816434655171730142723	-0.000674672863375917478508726454144044105	0.00156267031198001747234120373963231166	True
95	0.923394426331926146903259447346767635	0.0619183725875369612772736188506589813	0.000343079182264003871133795495037604448	-0.000915680177386686063990574165211187486	True
96	0.736949335962622142338623644471660178	0.635266010132241611462945611473673892	0.00117623155486148015234878699294639953	0.00131567425684381020361994769518843009	True
97	0.488026651927976046684786079061845277	0.00170449135774716065566689295932561936	-0.000266198503562525440911429814825484202	1.76890243778914371798309231744441098e-06	True
98	0.663720146232750336069182463162091303	0.613112331633575431025469928189855223	0.00110373841772428320513843029352148932	0.00147663882847017224652740969488652162	True
99	0.511204609259574715373237998203289286	0.31775096526098557875496167620588428	-5.21558407943262129615675865203514835e-05	-7.36604789969250725488124403682309642e-05	True
100	0.193924617507674267327610562723883151	0.0886246059160223423711314794275935059	-0.000705100659230228227475897041639494158	-0.000955130680978771240321191643189867844	True
101	0.446039275141694112732162159531530337	0.757599707443137670589987104510462133	0.000413587941331097691558620356709838508	-0.00136940415241941850750655489270076528	True
102	0.675517154585343570478906573577209204	0.786817821905727067045493464024115763	0.00196657072223425902739294796021500032	0.00160616145356166858322836771051247406	True
103	0.376172472302857308716372834587254989	0.606145471431195921471251158829885987	0.000102075944866007342456113990222238765	-0.000883286005688664182561392712161607727	True
104	0.0741906535566206277941402008586985525	0.757306331497770915793509439543345149	0.000757237823466520201025074495160648652	-0.00104727158106741825611861193428270559	True
105	0.409701123988899504383691734411508044	0.417039471788166826723342528077210896	0.000239737821023592653265790704620406055	-0.00108504063860952491426524794784275455	True
106	0.0131120141301899371497266784467664475	0.00837257896632449006978773236835037146	-0.000828604379796594049986548766814503238	-0.00281493242677492728003776715667787561	True
107	0.214810144302456677652718294093440666	0.771957759370618717121546177459896607	0.000332692487888279534545004571330529	-0.000714408601988723866615178514525322061	False
108	0.149998317802752922155874035540921867	0.889019885044325046908237022161940726	-0.000110431779781952555470942068210349576	-0.00163300384442784460310666437847718008	True
109	0.19207128786374245656009794867441635	0.187889387083484937359466039324986403	-9.23993694962728141248798951820363255e-05	-0.000894254122635426590684896258137748539	True
110	0.89433054194675005717590581327600798	0.171132860785127404524634895468950549	0.00416463248517502189665434219690048046	0.00446052119161430683388574992616328489	True
111	0.772398086524432124146170755852516807	0.413330187056623779004584497668323574	0.00057642837919356787127042146471008916	0.00107400223394766280735417066591034076	True
112	0.249984376493607178594184271175321851	0.710862805756350314929841262455133886	0.000111616096827005943964454378915176712	-0.000881753683062913654465818828103117459	True
113	0.972823012438043636845133456556817196	0.161147351129683412516360798276102712	0.00312847662595799600286653051130032753	-0.00171405452646617147480659279963931896	True
114	0.891065430019752701598448196988339356	0.486578411483058370734291485321121761	0.000161517877493381010296915292034906497	-0.000531606549518127524602572950748710142	True
115	0.4992474211701437218334051576205323	0.512767242090512008529726443189688426	0.00243412847684027794534799067834411743	-0.000170939586438836380096808290815758595	True
116	0.863991589543085015671628438351394845	0.39324494785914375771104653763536433	0.000129003582365546975358503711803812283	-0.000497510656113218386997807721254721948	True
117	0.0881007856148506189810665940786694875	0.471193833448456665423165817028699307	-0.000150634302234138593570791836306311461	-0.000258540901278188765531064504500579971	True
118	0.00752767621332978127897899553110485973	0.347028461768727211317480963626329114	0.000351871081816477557330873688459569418	-0.000568190197390508187785784312414104279	True
119	0.365701599564289601450003825978794605	0.792981086293912235533209704790659625	0.000739776474558203852062021124459212392	-0.000668324800674004019018247339160647893	True
120	0.293537767794335277183206544138641647	0.780463343145742665628746475537526024	0.000121701305186388866064139741691004163	-0.000792596474953060940786360762255052796	True
121	0.898420555930490041766570284803339892	0.833252503722323393229111898357179289	-0.000439972106741126918534712707084924974	0.00296216969837156516193276060984087737	True
122	0.748612216184868628654177139263975777	0.842974462450901116161939989929361427	0.00128060253494151479571175110069277866	0.00253564193334304334222617386662119683	True
123	0.348916204513778533954420582410400143	0.701775661015294055742664752287494192	0.00010939225976496848711494502980498855	-0.000730555516210979809628721276403657873	True
124	0.150494981727146315094000802695533575	0.33370723728547256659064005524416203	9.45945102723259278705204407204887308e-06	-0.000606872652756109757237195525103920528	True
125	0.235140598739011034729788872044855213	0.850893432864917902829939904935466348	0.000382983453970448272473660772689006933	-0.000557979097198430977374558322900060295	True
126	0.992274924657514260387630864651516114	0.734907516886628891764528640593190073	0.00081354364070253345077212489343658074	-0.000211254449819150121501007116240316176	True
