particle	x_0	y_0	delta x	delta y	stable?
0	0.601433119828923647357188472321756125	0.85406799368095247726553999968460266	0.000616965134133753601486128873345510859	-0.000541235527231845327499928783697700642	True
1	0.679245581641967730986573796562098882	0.175543505172329026670479190041477068	0.000273658658143582789554177576155286195	0.000402680753629894547512868645483331542	True
2	0.415459747103025624437077651886491756	0.322007384303092904716254366285930366	-0.000219757008017375584972745094448874699	-0.00050586921366093840414680919441836205	True
3	0.894017958074287979915002677911817406	0.908398515740549105583822978741651621	0.000486304940168800131033452829601512424	0.000999521870155243720892784406614325335	True
4	0.148736025613203959200418666471033185	0.811928646573849760676957523381269693	0.000118572508963516609282347201673755298	-0.000681410965269847107703889498054117622	True
5	0.520647051905257572367477972155817074	0.684745595705184505050132541325974448	-0.000785307170908218979189436302534400218	-0.000247381917071159257199465037318959856	True
6	0.81511203014610870121831405292037137	0.307912004219182885242009935938617541	-0.000489171765522788714869499649646423249	0.000481223359084259364791037492337963888	True
7	0.972249453561808523349885123665498097	0.901207699596822337353392053572447974	0.000545064468013135343713673083067851584	0.00080602095559274291124408383950889042	True
8	0.192417076639031368502642023012649179	0.275097675561580722645843969802771656	-0.000289447662001737239585094036298872914	-0.000911160169659701623953206967528526609	True
9	0.089198730106218607071314518660231747	0.391359840258349859749196164098933005	-0.000363670950431637380515138903348633466	0.000356705713938034957533390841504419751	True
10	0.967713599038541708456084062799679744	0.656381074463708970988320374857220499	-0.000503290696926800856732639497053487399	0.000884733679125424084509558927560118579	True
11	0.296717212230974257397600884198966076	0.624641795621526525743535095407899718	-0.000668529035252980505303221057287086753	0.000393258057585179708161948090625397385	True
12	0.320466271250030639940799778993505094	0.554582400124322388419961558233847182	-0.00297472267165595207414997821353729647	-0.000253024478769716323575468644981043379	True
13	0.0657859016905998523389804539119018438	0.863038242744611340973514121315177366	0.000392453474961783319199240079321894612	0.000187777451980796648808923960479680013	True
14	0.527417045131467297353117577583246078	0.930914166450726850740990547226915496	0.000756508812490324108966943731411692159	-4.27420111844384217495598979361727394e-05	True
15	0.71360575344771999096524900647887458	0.557279866464926663562914023371163015	-0.000823659756198398889377894933817960882	0.000333462348134542010035148881385002056	True
16	0.90949794546093676663655541032419106	0.281649912695525889374142852249660901	-0.000505721485957208151567210116119965743	0.000646103346439416990799474720804934458	True
17	0.488560433886630886667870791798924386	0.848221249245954503237267009573724026	0.00098165435025297578526086970828996265	1.55310872260252129219426084182798831e-05	True
18	0.598142399484074770657462302725740653	0.946070284973877220770656987390774043	0.000795731322870864081656779496882757371	-0.000658423801698673049225888514805561671	True
19	0.635090160778069500944556129184912799	0.291873680388043073058663479193324357	-0.000336487472005434757327212291861895404	0.000308516161148521463492585001085382074	True
20	0.539005100032025270800477379590563746	0.772593084464688960718507552308770143	0.000382218116429007633107751037474209728	-0.000462354922411272401697404978442835291	True
21	0.881461718974924949022790535359770447	0.711815109682062515792302294921214661	-0.000779997016421622181793198908717530251	0.000608060654475088921814558409640845396	True
22	0.466697325664856894226465899657589034	0.597959455900536783581410342398553847	-0.000832981658336828715724195823078715087	-0.000282775848811952805236877309991888973	True
23	0.6827758502450148401861434347684452	0.407646060191649198994475659022129026	-0.000623338568178439505674018153259044579	0.000597024705881423775957895216867833927	True
24	0.799031468791744763609072390634176314	0.548095086376409166031758249980441806	-0.000259521916900260525269348610153446896	0.000381227079729930794203342759625502308	True
25	0.348603689392363600149487594553385741	0.0414349150272884614746260815066928812	0.00125505420790953309363690894096095567	0.000195328549354277821462749118300139266	True
26	0.686327422654864465217200536618415102	0.886587128343326773760851864774772951	5.86021972964939628530129874472367986e-05	0.0013807533220111285498047684647725469	True
27	0.273401112080450360468792378174393586	0.062213176011538580012385460276088229	0.000987666777895739668843074586683921293	-0.00111825432010351822879620246997168081	True
28	0.401419276264780139703611065425685277	0.859818319965979689259984472460798913	0.000765837450481798865813911990559628327	-0.00126558811647790441383618729863233062	True
29	0.427330709510594082446542628259635727	0.673383298821253204490181943120440268	0.00136222210468079090018404254905083295	0.00062268880453026864808542288092254704	True
30	0.297886623291729581376584775922967432	0.449866978843895851371388540330059483	0.00044958909016939716288234462229151653	-0.00113697440712799890049233796187712626	True
31	0.125930250674954228126782609359755546	0.610269831927246991435726005101674191	-0.00112037105497767457711279749237030848	0.00075166463364985694230752862762907811	True
32	0.336272496433966673286454460009091405	0.942427612192921651434340076230245458	0.000589589163116885264298722426572158666	0.000281260635696081345576554137706404113	True
33	0.631573689524239047118123144439538524	0.076709981075630041494939783643576059	0.000530195663872131032245998363187597199	0.000430921688255283456152450410467416309	True
34	0.58673689601675917428614130075407835	0.395702455158130723154518683283209316	0.000837374530989943573786845518810410406	0.000883052335007454418475790015683322243	True
35	0.73814039873075920228430106563491103	0.334780218979847572638025185715195098	-0.000507873358561605936957430733617297006	0.000580857980146532012018989549521223021	True
36	0.211662074747908696482695253855008474	0.630666254219803831470573439645404062	-0.000612048964697905746514359138727706565	-0.00165867955126284978761763724502157065	True
37	0.950781606015030671047986220938474496	0.429165360681971249727245846192057119	-0.000985510567993086802429378901755032563	0.000787581712005515859992759768848936106	True
38	0.245205152243145569611073460794763882	0.548393514223492642229254166813387158	-0.00277851267222817866864979849053552742	-0.00267995900508322025100312636648835542	True
39	0.109046426599834400273904536814933659	0.259007003374808118636602369798112791	-0.000308757501181430157013596026487488289	-0.000186559807516623629389405877521831102	True
40	0.81424919083594151071874650134527176	0.47333268540887907834109203898893592	-0.000389451864504997737984127605381756859	0.000384026216265390049514421109645379498	True
41	0.837034792114248805950763067300810703	0.080191087212930873217386530326291961	0.000885596508665812509124116065692901524	0.00113612254234337147952014787897241594	True
42	0.0779370480965284750457279105965730155	0.540003895625388844989668125545061906	-0.00067179604048303760138827426808057915	0.000463507849026884453420733622397201524	True
43	0.767279971593778991908189726939569353	0.723883884514771398597744979644918812	-0.000759878569455890983794963857707360135	0.00153043371133211392295131463805623557	True
44	0.902482484351486586177319967704329591	0.58857210004637840971065656048434963	-0.000261668096170884948657126276438842597	0.000815937243140549421792608181485520417	True
45	0.244444359336183578684985211828704731	0.341206892844779175517536518950360499	-0.000386168239245625619512561393302610948	-0.000977611089260803996029821668581344608	True
46	0.695653805067827858157693802770262616	0.00891777278351099584053229167507210565	0.00112854934463294834225929584108476729	0.00112107848056154766037662946830755413	True
47	0.604367905700248030183807453362208579	0.659852086919628542018100878457963085	-0.000452414861597050841178539503403471186	0.000751480728631001576414915941269138493	True
48	0.573394562413605114053725351887456136	0.471828810940969567921286929997327147	-0.000176161353924914621483507720110761118	0.000715837021227547647182953941041085963	True
49	0.408073770214996705793025534254224953	0.507412900044273298856705623938448753	1.38865226658954583776800275566512034e-05	-0.000620425111068454543384886443234223224	True
50	0.747494113367349526459438723278060681	0.935852128807861166341442186143230667	0.000441925324009474374755810148019495088	0.0011812680578796189067637061826971381	True
51	0.682385148597109404914389003300393925	0.686623238787728766510196130550291702	-0.000267685275094863035311151277010645121	0.000350605550922279672527957971335582035	True
52	0.651246702000588870992505100829818414	0.499177244680406743352579044261726736	-0.000318061530602851008754624248616761078	0.00082231208097551483698418718733711152	True
53	0.149158905880667489601256543650950866	0.713136994782735762320954119170079289	0.000564950704247425131454200563217213801	-0.000761049098568708116685611663950671678	True
54	0.40501297415277100903231910784148333	0.126878651085758014624953589813306575	0.00110241283377401021850594188473785624	0.000250654535392605704364488602529325058	True
55	0.00817335380231357128613007254331728932	0.236916429275207430608560374192707324	-0.000468908990052281130420102017129920855	0.000960163206473561752943445867140376665	True
56	0.574024861651881669446122015159028165	0.567601915324065640791872807166950516	-0.000559151891613522282285460586093318115	0.000704432971699283206909118780436838667	True
57	0.510361903321496262993350123075451205	0.086467697754635628153718289279895048	0.000823106575052993236848050016987005803	-0.000659464386175419753278739014383510387	True
58	0.844100921659571111084881259947339022	0.984299109335314173340330355304155393	0.00050420033972305659086333009361330161	0.00107645459494191792456231243799174603	True
59	0.990974107576893338699620056830881348	0.815295843291978761937449470508117923	5.4006314212030924425481785741088459e-05	0.000794582276846693610326682914941341136	True
60	0.436320588890595924995265606328363015	0.941326071171441521687443100632538736	0.000609622111429898551280209767492834197	-0.00114176613905360511338910973528744111	True
61	0.210852839256925555083043153537344845	0.493809765453813299600691404689193252	-0.000742633234582376020069755061267380174	-0.00396125600888684379844535846932361398	True
62	0.74799448108263063349871382331270907	0.246433987490916364667901575008952138	-0.000327779838072489544469769291090601893	0.000656636475459283707135782604714297146	True
63	0.825056776393631369944218803003078791	0.880985587120303324457111700326010725	0.000400571713268951756955533529020145977	0.00105512598178496308118508368683848805	True
64	0.266056562771302253526902173270277246	0.246032396874746656793801197032458545	-0.000475604119685430538329021525577399919	-0.00119848746937840155401320549695869376	True
65	0.324960252795623445525669418725232213	0.854309304994079625461741198448380854	0.000585177168457514564413385095137017071	0.00024361017831818336720590104403633188	True
66	0.938865251394527831436302961596705595	0.979403636548720600594612326153128776	0.000352329940852756020249556802850945345	0.000660837985605933414169797079351424002	True
67	0.738913498812913744299268524514855982	0.485212783506218465982404219934430899	-0.00038310853271342550443739541920162205	0.000534187463731061751523807302818321511	True
68	0.474846214572628798981198800440553845	0.220747308605722084477583240641773007	-0.00021302663751399196164490042538961631	-0.000308691355570026879907925091094262675	True
69	0.334595029482588701121434564972122663	0.344404227755130900743658425948883002	-0.00042154394813548963722518616745731902	-0.00144982318218225007228520684329211404	True
70	0.00760327609999634097212795344131801826	0.590289725923678445910180774561217077	-0.000375142591783423740560972958673799661	0.000912301652897236286697098829497115912	True
71	0.0823593385664896985880492554116554783	0.145500924758108875886581840849258728	-0.00131871856485756686873139224596972568	-4.83519718595040454519913669135521515e-05	True
72	0.778468742251191718188142694849597605	0.148649430750174401537806983806015566	0.000737924168921841648734679747964498025	0.00114854097863491946574587692388651826	True
73	0.818385394404382141773772349904769043	0.796389161076466011518035275184593373	-0.000122681365410425198316345876103141582	0.00107456752981485586873553565478707593	True
74	0.973814994974727152575792100396793806	0.512850778154378770200873398144836591	-0.000245666939143884889939256978315025007	0.000662613641945774088830415931784745265	True
75	0.175219935042734696681630867058921893	0.558863721812816080382853739440273482	-0.00246096981126534275711079078344454489	-0.000449674706606170075748738015969198895	True
76	0.293982164706738375395279979062883442	0.146677453836687908414121562773616381	0.000682787314668665214617400570722104738	-0.00101434132034158293403403233764729555	True
77	0.0894305867231160797145156618417479285	0.955192679115869316672321546183937137	0.00139607494294267577509184637496990871	9.27251478441792602214164454770003622e-05	True
78	0.182874583532166846371636250023524305	0.419804569593532269268841986538348796	0.000442494030762271979560381740521969214	-0.000494653250137125759705322048478409527	True
79	0.222093766538169549653238608550495456	0.978669522401843012084825041744925683	0.000278384353525344804471919750003083213	-0.000646369622187093154494704812433497085	True
80	0.499162361418424101926969500494958038	0.423831428054976024549851650239892655	0.000494476401365190561955931347821191108	-0.00011055048969772282346656930480260033	True
81	0.149293951520529432070029593188726101	0.496530024801809036860061262689024482	-0.000539180008455694311321341613822108274	-0.00109554627111316000503219800748680845	True
82	0.760499335863033047945032491044439347	0.051081040843044584702826636294031389	0.000869521962031912583337101784367060204	0.00129827734895053209091217846463059534	True
83	0.0550678872768118741785524700720872814	0.667475149642496160317525467032937053	-0.000583396341584832249799644295810167161	0.00126381920469822849486665365311527921	True
84	0.813448475405185341718425606837313388	0.63117761837293178306699617321078013	-0.000483299415059760646508943844851705988	0.000381003172530189161176956788186193157	True
85	0.563362699234844083359773647684805335	0.00537114168974962442918130449235695755	0.00147823534986550076496416805412861778	-0.000300493484463507824614998605468978181	True
86	0.367580980853648221399408602407012056	0.232762236737108841813066037022971787	-0.00032602811714555733303710633467338257	-0.000310124204561212750311085500652747032	True
87	0.608467906447143546032964932418343562	0.73557128172612156036847833947339772	0.00101488100768161313554853373946683682	0.000683669015544753611258537323094856424	True
88	0.663363382208856314037085155587161313	0.948745728157856332281373441759571648	0.000563984326163217342730765996718091581	0.00154370267967606230703714202029812774	True
89	0.832558222302876929255626704516505322	0.229097848323599826114820521081867124	-0.000349958301727516940351671560817247768	0.000415284522691198888477566263176777138	True
90	0.986810949792519333165093310684675312	0.11549329182202881132370740630345914	-0.00101825883163687177138172887555429664	-0.00116155497657991020761049160106208026	True
91	0.0275118424984001830439990831096912621	0.448018645417719163506872387812984321	-0.000935009869180375371940442955225454957	-0.000101983881203126004569601655883991464	True
92	0.433644946539383185658586455001999673	0.0294334196142152014851910171463344531	0.00100948890543118238969006385408791213	-0.00104468632084750291795185258644797555	True
93	0.12244049273266005197366813012942147	0.0403302704349494483061313663159048866	0.000739538858209218625250047134199755985	0.00046943511286161948084720696415007056	True
94	0.573815522757852120459582307450059959	0.17907313050024664972913255151063081	4.74419920315896435821312280545759161e-05	4.60577945909484931542138125980991859e-05	True
95	0.918932666688522592910410443745951233	0.0609696022609103153186299782214102875	0.000931029114733686612192597419726424451	0.00089397261354608594426827959989706313	True
96	0.735836398332173258891984615874031114	0.623674170923246362546445106215611776	-0.000468752575567091961312420539500305745	0.000190164506235512790702115302479251202	True
97	0.494830914559355476304395228933698094	0.997632373995176561894317715196726478	0.00151353737130706521162400736456240433	0.000235015385944090024872987517177920027	True
98	0.661868322366627506156957471620318513	0.606307911019460315236144314393552705	-0.000572818871596233013160737926793851783	0.000545914732416038599473230107671149427	True
99	0.512907221850199182098691733442896507	0.319102035850683058047785587793001807	-0.000313213446044303319475969855976744181	-0.000213860231852635626606773946737739383	True
100	0.201306776553564901887774977734311501	0.0940186851440421581871744928752734987	0.00134011726530886050433297754502490849	-0.000450311321625621307739965752170375317	True
101	0.44515841482696538792138309771012864	0.755300599761944797121315476998846603	9.45045628452291397207241953843503772e-05	0.000749019275414908142516896639257812126	True
102	0.679878876076647240159670416875945352	0.777377024054868988398230097348300017	0.00130096446812917710387859961256993599	0.000270707319814390104589681144943809453	True
103	0.373036674955241425699988198974867025	0.610311773568835800714304496023704048	-0.00114875703190022113806264737838717267	-0.00181873913794893838306368894103349402	True
104	0.0667544948099234316846195072740696424	0.767504236391565303486021561864476171	1.7474446843056009026255512395425575e-17	1.40661662225025815110479522123140218e-16	False
105	0.405858704224368095577466652278148313	0.41019489298262282154574901365663312	0.000602918348214639804597497650744572817	-0.000527339185222494926062087607887688006	True
106	0.0183621795820577109722379980641599066	0.0262445555418634777956675746257712367	0.00084216789774511193918252527531162158	-0.000405557429486736028180023050986160286	True
107	0.213855737990867661472755773394226812	0.779567333024809375229815443259838142	9.9042177071903431337544676237927571e-05	-0.000959007741700947212071110022449392238	True
108	0.150727096311875443583376170432455402	0.897957012577520904790209646318888769	0.00062928341418332329768075905379980769	-0.000744558288963893323833166411433641265	True
109	0.1871887502628944137850739518644157	0.191342581707924082220334445498746278	-0.000865297438593970728503183900588587508	-0.00080382473127680166796264519636615825	True
110	0.883618545176903017468091389822347866	0.154704404479227953444231355747752545	0.000826921957815052340947627026166413581	0.00112190680158934290797782440561991803	True
111	0.778062329591197829654427188242562194	0.406627838537310889774351009264310698	-0.000607198552384913713284825384288968144	0.000534793844127272740669435830771250583	True
112	0.246282468958551992341265352203271202	0.71756798867759207552985962980631997	0.000701858086810189549054563638444468741	-0.000782649277070099965626095300159042646	True
113	0.960008884857640175505618678738011467	0.17410357907954878677820755518197512	0.0011969946749763000155152023726415205	-0.000264395849559482812407456920660046837	True
114	0.888518296574647838612578838747264164	0.487822912450124858430354128642885684	-0.00053299926891909096518141076006217496	0.00107103869962570403884546285439467071	True
115	0.498174582787811218243796117732252603	0.511549816950913563331933568191935898	-2.10626502792001805677162702793666594e-05	-5.49027787132649314001778155224055389e-05	True
116	0.87067454129160010543270732757860827	0.383612367899472310894090503199392614	-0.000696471405300332161406592028795979777	0.000523260461224220779394352243695182	True
117	0.0922947383047389534782943541836433614	0.465682643206197081926709001901317634	-0.00120369499232208060679740180878176631	0.000384194233478479963744680944988121509	True
118	0.000408082072582927292948550858575159285	0.345305299988771599097363890263746653	-0.000696037136180396674908582354375564725	0.000957200149128506848917560998705963265	True
119	0.36554892697918676461114743836451077	0.794889244805785805143806755327808533	-0.000522707250911099095490193771254751786	-0.000532326939166101899423298205345996503	True
120	0.292773219441477384744829802720776013	0.785435876843701669721063580430151998	-0.000267868105854040283502428473148605204	-0.00157550372295496907011806080739465025	True
121	0.903502778871270354100457006310210754	0.826095971084118454004034510780269453	2.96374527779453839114735984214104521e-05	0.000474113851316873570421503603541955355	True
122	0.745323497618785700374427413261646085	0.840391350426763932377005300226374351	0.000134155099043289008713202462669040901	0.00141151760621520083391585052045043583	True
123	0.345723483620951237745298803180782361	0.704994595800139348091880197835949725	0.000925696839734808759849756734613251078	-0.000893959594997268698074875662088989778	True
124	0.154467609105562789111896437951596982	0.33798862543201000437862163892576958	-0.000542017766719671276095157219357783113	5.82641797356893348614264994161399817e-07	True
125	0.235375293104106871632082098366157096	0.857026358270146208275660805382308985	0.000481728532302571268283105477048852234	-0.000954411482112344076543384862058640251	True
126	0.987374048308485996513584792670073221	0.734324419254537869641977316203327995	-0.000888918255441763530654102457226796318	0.000917810902519661502588592677687240072	True
