particle	x_0	y_0	delta x	delta y	stable?
0	0.599887909760488177669051020070566658	0.854798882089384106043963043982598856	-9.7319432421062377959793676193844323e-05	-0.000138038418064620224698666295883222645	True
1	0.679614664197322725800296482251934568	0.174560400981831701985846856050606684	1.0575885525021104824514638426320469e-05	-5.59365172510120547252550553840063543e-05	True
2	0.415865787471068626491494580588351011	0.324232929260949256054389698572365165	-4.57411931628730657765208024578636076e-07	-8.87335733305556360797300857558662272e-05	True
3	0.89364452524275489813471255438470746	0.909333014594190296642666942286039097	-9.6782142358591338536822638052779202e-05	-0.000114558089773933259425613031833137328	True
4	0.149091053914441108522844252904457118	0.813801321039464887540026143257790031	5.01041723511126384267281575572060726e-05	0.00016948577071859476977734255158750872	True
5	0.521068394630961908600646378572652736	0.684176660705248644964688890149853946	-9.68457650261655921339485294634692955e-06	-0.000232285622730648163662578968381679181	True
6	0.816238600766111270431557685615585714	0.306715076489357125333906068777434901	0.000123460843567573188709144178005466798	-8.76355354141094275835025656716611356e-05	True
7	0.971681788564826229953828630578699188	0.898956149776389054253201256721826736	-8.4335829563977496812472055483539978e-05	-4.30258200145364685011764306120539921e-05	True
8	0.194108221853529734898253786598815179	0.276678013454957680606252733994116399	0.000212344880985717644053872683471831186	0.000185427766492313477547675130382460932	True
9	0.0917407520623289705118852955769342317	0.392260253159730598119859310236792463	4.63509313405954473433145217853860629e-06	-8.4524434865578526988640271544945829e-05	True
10	0.966837775849266728895243367149295308	0.654735340848623447334924623214378189	-1.3508613620786372659882920837210538e-05	-6.02902000751173481076891089303005787e-05	True
11	0.297777795029593641510922133363143719	0.622730229006941786740769549960691212	3.32243225560346398019377809367914251e-06	-4.47365255151220243321678418474267811e-05	True
12	0.328459625678382612384813439122420655	0.555412492869899352015904603122944627	0.000508912806248378982590523409507828276	0.000134915651767476115551516926505426985	True
13	0.0656217000181953401451042197230916298	0.863438712344077346704919658047584667	-5.00617452071388549863695153417382136e-05	8.91956751810051061347819917279881898e-08	True
14	0.525985362573551416764478580505105664	0.930753859368949940014805577571853818	-0.0001346090144454026993437764059901041	-0.000153582687448304934889026046880835848	True
15	0.715736307974427762460405446260406565	0.557185201660015822459692831411990413	4.30188932151634790530877139954646816e-05	-0.000164512646546783537018613372357192188	True
16	0.910844345842975395116091948211589466	0.281774972308674701437867677354761023	0.00011164920615428765679867081706357658	-0.000235190384197278116275161077754816477	True
17	0.488918429966655112094197435644256148	0.846721108453877133975793849080051839	-8.11253363101730576778578776801808793e-05	-0.000207743326997180795519440413827781604	True
18	0.59705542051067743151666114536307835	0.946718563602347637646042800266783306	-0.000128512275506902771484405809081676283	-0.00013914609518972933692419072779281388	True
19	0.635526568137495205499652913768657957	0.2902942805490376835189330664843436	5.77434395012683060421605475806228795e-05	3.64213433935758084728375042208985838e-06	True
20	0.538912520625930811682297401778624311	0.771801297112976819657369244884896189	-8.90372912371112822030025536653053542e-06	-0.000203232493525304905368374197087489943	True
21	0.881948148907442617695306878730865269	0.711571279660146792353491786366921688	-6.00036896862355073960685730789305572e-05	-9.6004728228185933600899657186923454e-05	True
22	0.468028653265822068045198476316076167	0.596602693305314234914999842778792331	-8.77972968311143244809364559533404683e-06	-0.000265941268136764613165432015449530277	True
23	0.683599311051877672292830562515136322	0.405314533064937117499073985931620264	0.000190150180955205179255143054666209857	-4.28709881772231724981957278761968885e-05	True
24	0.798506689674105571095632108442130771	0.547660460502300494822178031056373002	0.000261375893664207196021056602915353418	-0.000158133383093136677897685777500978256	True
25	0.346765542336097284817940839526728941	0.0421676266449966991957870980833766591	-0.000354107137405140807931080853571335441	3.27966004345708601989512374175955686e-05	True
26	0.686229473059941048274917958157625269	0.883434147855345442879460196927288053	-0.000103454813944456137922635533953346627	-0.000130665387316650761482671018500002716	True
27	0.272263059533046793533889328217465758	0.065210292451025342992232392211469616	-0.000277059497198585683918524421076047933	0.00026187322085963079096134840255628169	True
28	0.402350529186183881561207630132331022	0.860258804788115534589092490993310955	-7.15931009307861176641689438335418359e-06	0.000410737922035955405782397730101347456	True
29	0.425375647144913802883641485023786054	0.671094262717427734139570095052942168	-6.79899958983788572314360885173663202e-05	-0.000288890682233360059896523304762271317	False
30	0.292502310521415673111957960088194069	0.454869459972179596698499043695717457	-0.000239141948614921379008962239726758535	0.000385170862522857194082708796508365052	True
31	0.127696847280110751071628519782904284	0.608613483020136652429812470243768705	-2.76673074890863017773207841437914154e-05	-8.98570746089046994839256020398899561e-06	True
32	0.334573544219254361448123284659858988	0.943198612665803875510687583023898933	-8.99977644039625061643129586720632743e-05	2.54041604944896391754800956878296368e-05	True
33	0.632482054327359920903579954941597629	0.0751405455452800328933010525232861001	-8.94705132484575839458001274121126381e-05	-8.00632568389666235677571914403574503e-05	True
34	0.57962968010409239700164334346396393	0.390456472853031779720104896135083928	-0.000545527030238318903260367331143054568	-0.000275866043784853062430088937294905104	True
35	0.739413764314732534741970866390874181	0.33359393872280474730531164803702239	0.000112514704508470706681423731508373418	-9.20509990940183385227101680915156923e-05	True
36	0.212475572226483844719571118561850705	0.635665353039863947259895950635134801	-5.43684514384147568905634632153072113e-05	0.000205666635666301875608818001178923502	True
37	0.95306519412365246801372900003722112	0.426419572738709017836721922572833416	0.000236948519725195962097607942564752039	-2.60046527779818611354032750082149348e-05	True
38	0.252846299499305688258091648150207416	0.557889628087703918439296242590847978	0.000550313572399925502928966559796249567	0.000587065375687079995116219731278802027	True
39	0.110184531622797128018462067378732033	0.26010268981842893716426219111125995	0.000193188574303385801796207920371734463	0.000111115120741261018090394114258819734	True
40	0.814160486860600650223177305358115864	0.473656840495706893332063922906800307	0.000201159758129698871574789657752898651	-0.000162707349465999529177266329670371432	True
41	0.836351132287644259818220154695850291	0.0794870159812617680120120884111227658	-0.000109829993554861613764013135431887861	-0.000121646104855187437803327241855180852	True
42	0.0764482833551131514616174467251513856	0.539898500487074838396455783542518288	4.76877836302712135193801635342302327e-05	-0.000105581777328131695499800499931299576	True
43	0.767372877021766503886775670714179186	0.721989098827276223039862166141038929	-6.17237146469729586786291403338554905e-05	-0.000111170738137310731961116978239182206	True
44	0.902427352822704569038928296406393667	0.58472304129994549259845736410558314	3.44383824528784850469249953715935696e-06	-8.08260769437062874244924977524609836e-05	True
45	0.247111831027396847731328989669266948	0.342585523691547761927188927316214663	0.000208995559610286798540641086367728469	0.000213073345453620012792087466660508369	True
46	0.694599714401655413168538502978925467	0.00595915444997434141343971697499888483	-0.000116344743347438404121050039026478776	-0.000117263725997445366000510123452570325	True
47	0.603789840190999865813550859230703097	0.656063167100656302375640018943421236	-1.31376544840618502274069294973904486e-05	-0.000229072390522623778145509999623198436	True
48	0.570617821582523564011648655739085703	0.467276049010999065404993576353452594	-0.000516783201843601759277802800273402059	-0.000249714613080945668320376470013606465	True
49	0.406066812448264853099783323355044967	0.507635690148055787539624946747252367	0.000123810508361139826712042107600988171	-0.000344952252076420665834393531790505393	True
50	0.747063504361935249109259149294908051	0.933204319930169507201690059587797588	-0.000114438708973423438546806828305639905	-0.000128504941768292281007220064695591755	True
51	0.681353497073508972100088865916998839	0.685676987103272106306980330892737722	-3.94478202693247390970737027074622506e-05	-0.000162895345643808371252878660570450847	True
52	0.650419822486028799322947344020100484	0.495127869481744310760602171977363878	0.000241497831899710130624750682173724515	-1.25969674323875751215628043174426001e-05	True
53	0.147220731800582063969028428341032022	0.715161083282028821763003507504556744	-0.000100598475611008966693020326640299988	0.000169313676108577942297286739579684563	True
54	0.404456596465059797587909155278604314	0.127492564230689359183188847857187213	-5.94887838948589280935712413919058909e-05	-0.000182700607648123138938379949511895087	True
55	0.00889260962292452618387869417054260502	0.235904720532890971237572190619353793	0.000206564661688607267829354707415805255	-0.000119149594110478516455876242374631678	True
56	0.574540693734304094665950874685566622	0.563406178193643415733536164477840289	3.07745967357553150719653541385828786e-05	-0.000239949289995119936647179516361177066	True
57	0.509227947649673039768791692717859952	0.0857936404844179235586899508377576512	4.05079676467973831631614565695825243e-05	-1.43018142650018364322097164329705039e-05	True
58	0.842839203416227616835795185717211982	0.983854908580274351771137820369645087	-0.000121176006418632058843680996280922305	-0.000127463663063883264289291965433195127	True
59	0.991284469591092431695826206466005442	0.81331554636762001007368895424679629	-4.37377322187913796101821996788956202e-05	-2.9420708280935391141691830930816406e-05	True
60	0.434962575979345370027030050685343182	0.942238344899968898270024775992673815	-7.12054077161487409520406415973831124e-05	0.000456677803845117372237502683793583972	True
61	0.211226888030655382920637616213200104	0.508452307540194278276406925941207607	8.99683435994381107659456708749073948e-05	0.000967083880040168627188551830005362415	True
62	0.748700574620302832314134961932428233	0.24530920718414559759949249527623259	4.79144096243717042130857728830034667e-05	-6.44486080766332083614176244970361625e-05	True
63	0.825040815473030022681088067943738986	0.879755398231682632880674221497751049	-9.778056383048422996690060939631138e-05	-0.000117143091361403534525621451279919647	True
64	0.268003408871754807656924067940462193	0.248122559783154605414057735719896233	0.000233071590991125066304965141940656222	0.000238329732576051631804372137096578688	True
65	0.325874413284654974576644973553978896	0.854866016609440311382029260009626204	5.8211820752639033852856457929099374e-06	3.52963447145954620994376825048653284e-05	True
66	0.937581229294721108937749386288218695	0.976154071463725746539258873013344318	-9.61644408777122892152991059283348629e-05	-3.7938450966971927583431076283560707e-05	True
67	0.738545868890513598328957877719134436	0.484323149374562448513303003480984506	0.000223377655959445144353920269510965638	-0.00011738769580447648702405638288762709	True
68	0.476692180013209381097365785058172521	0.220425074168969534096062113670195003	9.41050417512035221533664957573968899e-05	-9.57798599269602977062175851017458135e-05	True
69	0.337217345036856450711613836277050746	0.353637522686112346729042196217068504	0.000206419549383128251007579653476847046	0.000561881665260513320843638957027014915	True
70	0.0054753710005542786874340898246786507	0.588657097230092869007700707018429744	0.000107331894864940148942693517416871943	1.54724083051305037282465145977812081e-06	True
71	0.0837161758283121754089390726496912904	0.146441471887052816889950239698676199	0.000388266693024784455003164630555441216	8.08736427627796144855659501732775068e-05	True
72	0.778475250070281584366347014819458553	0.147638669874324020972635800537920361	-3.09546132158262669257180117264203767e-05	-8.89512298977008564819318558530897466e-05	True
73	0.818422130021151563673339197159699839	0.79510103908688203162560060286756924	-6.91476566946399379547101209546130559e-05	-0.000106794830024634281308444883005005394	True
74	0.974460132943757875186990049890797916	0.510315406833112101488681828502383013	0.000105719319601420629682111677395285405	1.64058046775973797267386665774813025e-05	True
75	0.181755664944170765263492544558751077	0.561020134170935130848353098290852066	0.000540414063793739283776162117280050334	-3.50404989933367630377898768900272196e-05	True
76	0.293784420054357244634385315162110951	0.149133278466699963842903391366920497	-4.79936849998134209080668273092363336e-05	0.000167468154910689292179436838706466691	True
77	0.0891035351944717559193811626804653225	0.955594069255849574259589185398547116	-0.000246487972661068908125152178842068143	1.14677492374172046491920581751174708e-06	True
78	0.178373433012110084886387962394803744	0.422943039125144695971366685448810166	-9.46412912272280308777484046122789149e-05	0.00012605475573251662037306654389818411	True
79	0.221161967714981239579521382961060382	0.981447725161136166430379679366432215	-6.21008025319578016142804437006708529e-05	0.000174691495018086525926710425590768749	True
80	0.493255103669951023829227977792356003	0.422430822966681322097572882117538145	-0.000542602234961313053732349584580906162	-0.000218363535532725604847746526615202919	True
81	0.149894132861575106403296313762866298	0.501196864076551441653573726421025026	0.000170984562068432453012766533317397728	0.000166171679006647757523549204787646273	True
82	0.759134110934133916053661433488782808	0.0500758985343714165900868046269068292	-0.000119370112677114250981378701965933358	-9.24090258464461915073162426219084891e-05	True
83	0.0552174284094714663101267988200507894	0.664331800659758510017256436756638551	-1.46718290684637352548703019646094797e-05	5.63250483007248542467795855004193997e-05	True
84	0.81456482132039485438163610375605691	0.629934287569273993365442993067146814	-1.62597199093198164337004507552806592e-05	-0.00011455489271459834037636232227305698	True
85	0.561822266828223995115378810908784759	0.00528847574689105131717216658592087625	-0.000111947813192937374445684401921207812	-0.000126151388374431444142142055047260991	True
86	0.3696041471273772298227306837872888	0.23375777055044189857956122045113066	0.000152802791188771510694990916323113524	-0.000116794594710896918152262778755057749	True
87	0.606362705706696962217326714644025162	0.731672194871763600422054154018617003	-2.85265103201731001153607105682330942e-05	-0.000231519924343200849110944462457971672	True
88	0.662657840556767815523556654153702788	0.945067882305399728542419875376949106	-0.000120120069723934577441844852199104854	-0.000126127420669181427195486383768195504	True
89	0.833549769381878686656540704237924829	0.228339883624713377681381722829790194	3.06981019792116621510705012653014293e-05	-0.000104814531923864074246068946390141393	True
90	0.988388834393847907041607798918917228	0.114197477247257086091090769733255759	0.000350826446638578922294684335582964015	0.0002726188739664960568660852421121559	True
91	0.0296834757915452887842438118742401079	0.447651494493036929804131169093597048	0.000220063412616740367221156989330713534	0.000140456181839262364516205184983691011	True
92	0.43179236457570850444635005627803405	0.0295162301248005556139597097628305916	-0.000292448124269439998127688244437150721	0.000452308782974800010396780532740299061	True
93	0.12102115589201701103655647617933824	0.0412265088480373202376884406719350032	-0.000159763142016809450906108984896131777	-6.76692979824771448716873248275153089e-05	True
94	0.574476399628148521458169564732629807	0.177100783449867081278044420340330179	6.13518023039039960159239210508414002e-05	-2.40193899645418787049855474889680103e-05	True
95	0.918275539786954870116440971829273252	0.0607475337047492963428643444705082749	-0.000159586317151447801390759641378013794	-0.000143399438583537723764499352687279069	True
96	0.736268995246650777248034950579669371	0.624438844703693098352896110110829606	-1.07388014777875622350231668517883761e-05	-0.000142115400801818241169594768654428583	True
97	0.492867720489397606882450700727643939	0.997142551860193792204827426659255784	-0.000201261927590743911769859301200616073	0.000595225528604786358312580409770841751	True
98	0.662493003475679802049066708283240106	0.604435126800289128718147376605134564	1.0269229388548706469772944320310829e-05	-0.000193281725105800917186038686587594071	True
99	0.51362263504012867472013454425074622	0.319305945971875888308313726662132649	1.79268668529149055303754703140581553e-05	-9.39057824478641988768223609195951627e-05	True
100	0.19988465953870432793714146461625937	0.0960571192887069990181744537024695981	-0.000327484931566341535003580331132704784	0.000134123687559699645541129113037663769	True
101	0.444652186698616649988539304119428511	0.753267428992598495704475955412514016	2.70779886383651313776846819521828584e-05	-0.000231070156605113215865789647041059546	True
102	0.676588858220634981162674149001353857	0.776556344424793280553785459333392471	-8.39017253023760231059913728580589781e-05	-0.000150589339762515297893825959886794951	True
103	0.375606448570332350679772999399801263	0.615855351909916636370066865961691302	0.000106038459127577290821751179573889785	0.000436845415684012072349375559808568966	True
104	0.0662833817641714302161992570699730766	0.76908529780099181054305347048271971	-0.000159605265815648866475658032810450049	2.7133753374519672763668142632384345e-05	True
105	0.39889651916432685158257432047394249	0.410960839652437562771840874441552806	-0.000537050386221533642633817656883803929	-0.000241793848911820005029420775045408199	True
106	0.01685817763580790609363471667924867	0.0244938536974527876277567293674925548	-0.000155840159779851738276850474715428441	8.78794004450903373671360081120921272e-05	True
107	0.21464772862428237769954108587629038	0.783842728178882378974672666366314998	9.16907125683171704158645339807955984e-05	0.000279320276299545129746759626559748722	True
108	0.150679222292251346865796181816230608	0.899445406255288938458220516709845096	-9.03788964717971578101523841305960724e-05	0.000170551157157176566010290718591635062	True
109	0.18852663629427857035046176190725385	0.193286166645786289250740149843950956	0.00028761184585412765604482465771820105	0.000196866242885898677477268479129983016	True
110	0.883894105194355240969879153224967394	0.154085194200834767925976879591406244	-3.76576216523388508952556797294196159e-05	-0.000140737143478471337128452948535020985	True
111	0.778651434092632851488086114215073042	0.406412922290842081575860673712579278	0.000215114952295887662708926848398350211	-0.000153417324959218572961321230722218765	True
112	0.244094140083186044670868519470174692	0.721485237928944971490443229991453474	-0.000138241491678186820377623745215765141	0.000185359923522805435058062400232283182	True
113	0.96114523029000160845364996565520724	0.172163048897015267600091462541780885	-8.43167840275048331116513202392143984e-05	8.06374525484996238901992802727909554e-05	True
114	0.889554912950880431968094169597551296	0.4833755107670812122842471348519892	0.000173239916723174032628678343128926395	-0.000105744878688258670006285739830460955	True
115	0.496425349670495036116793685337381512	0.509741001985419811686966550778825313	8.71770636383129770598651265579068667e-05	-0.000250293913925893549575728527379413465	True
116	0.871197571627933458071756872267250472	0.383100760496130197699934065574155241	0.000255699573686642762229414653758239863	-0.000151099833668373767559882003175941217	True
117	0.0945549256643019616067195744445979418	0.466562344015691444363513315943348509	0.000300369229664652061146195907020350915	-7.27230506138059282518542442603368025e-05	True
118	0.00358352286175324182980807752578484069	0.343910757204988016976793724481386558	3.8521217196946492404318191281489558e-05	-0.000137141690154535713417949396927926838	True
119	0.366309572413808312208175440976421313	0.795644762711027333120539803273610813	0.000290986614964950921741695245044074401	0.000223248319127729672853505011857938495	True
120	0.290834882382195269353827374103713024	0.787664323812891333098983375347369715	-0.00022353863324213779823002109508188944	0.000195318906440746819363636553156819186	True
121	0.903649729609111024884947936987470609	0.825548848064314553274627406746074622	-6.27172891550721665574075006544781227e-05	-8.33001733453395059294795279048053683e-05	True
122	0.745034517315291408398975878248037241	0.837710597383790904497014819637092136	-9.44373169931816785370640983740506356e-05	-0.000131046824446841847736903479709467491	True
123	0.342540833643780494194282583124991457	0.707056936074093576725756870563420168	-0.000154395755378025918565218390830262201	0.00030513311610142720036099902925021658	True
124	0.156666374662448926258007500646672824	0.33900866956275713830512882005502797	0.000187097106230565020934290956305608389	0.000121756449447639779783052970779139596	True
125	0.23612164337110620729372481424677477	0.860805714110065547878189960648249893	-1.09464336385323139080358320848430223e-05	0.000292503549727961623426940428755818408	True
126	0.988750667066795752560980266629501442	0.732150233375239903741393834323503278	-0.000104204279675442289832610773412291265	-3.27326548330196758671624016401897561e-05	True
