particle	x_0	y_0	delta x	delta y	stable?
0	0.598628553083113946319431009943303987	0.85240303525716931703109780253294111	-0.000184875293335857720765858449578972163	0.000858304816245966491185939567740451945	True
1	0.679789169959874629878966641709782014	0.174280632860621131833960357020340254	-0.000948823249903978257507261594586022766	-0.00303845266626440936486747514520384808	True
2	0.418645721151150463287508137997626159	0.313037872753567425410983655367600211	-0.000444061002820613286191387881712645487	0.00123462127541972298274340388984825339	True
3	0.890355241133130285170018566920112111	0.913400690981050318760565129031877882	0.00013505394862907664685292097495440505	0.000125700663835192580960116054610085668	True
4	0.142097649477075230042180992590501496	0.807633050197701173257069268216294098	6.46804459744800104421106326698973879e-05	0.000180340407573618415819714679251234705	True
5	0.518423678561575081735376342468781277	0.681707383395442989941698571606546204	0.000832936522927670593302019623691062962	0.000152777407932403607468661502931250814	True
6	0.818048622637854185615275679421203408	0.316362499048750064384304460885204244	-0.000379160516159817649902040887441277512	0.000247128175043424014362772048285297196	True
7	0.968711791119649310396629826225333933	0.90415142104770374831533001595384423	0.000259357170177699156945208944081277145	0.000497052919849755407144628482554153351	True
8	0.193111941454165608657586638711807304	0.271649595570474851330832214634765699	-0.000914394617550871319629462577278140072	0.00187865849618877641939745664139274517	True
9	0.0997444701420669395697013787764197408	0.398431577432889956455761914239050863	-0.000540330649207789772351481845559125895	0.00137232652019328702563859973798855662	True
10	0.96340976050227321430093562102526711	0.66064123729284158362005520061023317	0.00136326175067939228697280662245164319	0.000735115062525504295514822905987016439	True
11	0.296464945049123765284558887133102838	0.620613348567556686022086996807265601	0.0017168858773559430229495291200825448	0.000814119969408377309580358238310725322	True
12	0.317546108973142518228406921605710688	0.549916611328671577591249965795608753	0.00211119614050649606095231124933847181	0.00100649322775475757689654638472533335	True
13	0.0617449381487410768648242711129111911	0.863819617408304987076683524705410664	0.000636984846332647133079748920568543996	0.00119345276198506623294319224220460287	True
14	0.523789769226006664120257730199806617	0.928723240345990104158788861884714933	-0.000554867137294573435736371981193582115	0.000747897363436703572559982268176597292	True
15	0.717449140674607888583790026888667648	0.56454857676451565147638281097689385	0.00251335977421574552753347045849651284	0.000745004106272915969568617571774844747	True
16	0.91410755482217298460546345214305754	0.296107995830678464629912094937155902	-7.73802203296391225936023482308851161e-05	0.00162519277759274643294895488297358162	True
17	0.484379844911464727786713101709074433	0.84647504931525811430873309033542247	0.000998483027528731283110765558207210037	0.000225341305197361368903362193326604342	True
18	0.594588486323947808436300536924694441	0.943905234090227773967235670575863373	-0.000557568519726271339943854653386225347	0.000774902402045144520033288835768953153	True
19	0.638602858387638105595390067438827319	0.291558897472120354645871008883487041	-9.36556292898063227123301198138701635e-05	-0.00257899558623662788274636906115764244	True
20	0.537953219318589119103193314763745808	0.769533548843040290219907024342514817	0.0013493680030059692444022560030852479	-9.34544421546237895164286686670828767e-05	True
21	0.878132045764603181801642831438330825	0.718433761593143135313455602120707075	-0.000302535675578583296464586602869820753	-0.00169999008346899400936384732535411168	True
22	0.466726892860968601960332139215506366	0.593600438984021557486054544090350679	0.00176567558211192424413606439630128593	-0.00021123728178660757630475553907483697	True
23	0.680651690814749478170975221727643025	0.409510647258008249246263172492713355	-0.00182338011127080016445388032370269604	-0.00202022280224789233927969313185649866	True
24	0.810790217562240465121942877427892525	0.549579377059804889006005844627768312	0.00474204715042272127174813180711092794	-0.00291287918811291461188124648035715173	True
25	0.348388905882642201730460494403349679	0.0346046237821427575420870669258105841	-0.0024459530820294601326760183627418594	0.0009607282464045772383068556412138364	True
26	0.680428770249134870464734665522593582	0.89365218004481679656269996929685968	0.000875951045808267888565746181979956311	-0.00164504587360727121584503134245114505	True
27	0.273096236953473966779674993696443887	0.0561951960058040142602045565107329132	-0.00190666103893501100193069785530871	0.0021835583595636237459791113313688228	True
28	0.396993857058947011086354504493276399	0.861196668800848427563415831983840922	0.000874926734729704384224460848275741658	-0.000475196881885520140000979209422918632	True
29	0.42938523194263280050415143436584477	0.670283398104379812269382622765266313	0.00169438182950480951812324582829529918	7.00202284021820749960001077547713768e-05	True
30	0.304074180417916527918060615433272517	0.443477563025097628194944319882091706	-0.00104319822062812976720279520606092014	0.00177134110928534409914256635604394914	True
31	0.124189835821473834378538206049835855	0.614632417570939164174950582862040713	0.00125459347091366068428158725816979772	0.00318505118187486418033461850224785971	True
32	0.332916940062359013804407884061337138	0.936249089507434101452108958337816174	-0.00111377732776766583874844459534221694	0.00076735460900276613799125870717017177	True
33	0.630109081651603802485152113645626524	0.0769035424436961929122636219720855526	-0.00194795698657455250520641042358571516	-0.00260163563802968041033259279412307821	True
34	0.590418365323576980708729184057930438	0.396140265336449602697047229457246245	-0.00156734002953065094873845433901547847	-0.00325838375104941540768962341459928209	True
35	0.73931912565986251990230743313865649	0.33904579801034624773638427846855962	-0.000797658247331182033526928527938713791	-0.00111726727175444326658725322674878619	True
36	0.211511309961652398258627506607906667	0.62565509877821369153572686622892163	0.00160847722729285565803660983488257113	-0.000331240760470224278375090471595318715	True
37	0.954619375122652388849500454924577735	0.42803686938013247958731534413720856	-0.000616061200701378088355608899693440711	-0.00151598793812438983832655853356898385	True
38	0.242223847452354615454942096946913585	0.541895120395550542901480117633581306	0.00227304644719788216702012582426493728	-7.18980161607161313394294825821627588e-05	True
39	0.109242290832185494972311943416647924	0.258053747530089548092818239666093197	-0.0012532744300783245227465368289229595	0.00197158871566328519696144207366036404	True
40	0.818718841128950942297347210292381647	0.473940745059387057883981094444715108	0.00168962154740382439266591692349980036	-0.00322498005715973127536417969336424218	True
41	0.837970141566509892459701892843231358	0.0856522867039140360067373047221790971	-0.000180334554341194554771283694013438979	-0.000520984225959503706995688437842723049	True
42	0.074038932056232296964362397755259399	0.546212675301552449132348145046471709	0.00294370268383908829853846579149707783	0.00207223644219729231624290109117840583	True
43	0.764007705423056736839155754763855141	0.729838181653264049822813858027141223	-0.000469441307684878899256027507148463187	-0.000588968868934374078749176432353416777	True
44	0.903735249608386471838419894070206466	0.588341657638410500114421331310309894	0.00247391638391348803177848779186412681	0.000349057580754181179013150957235795386	True
45	0.247420881641175367819781079605534773	0.335959305110480987849838112339801645	-0.000536661732923037073218833995238435765	0.00173277414747144263527951281934105999	True
46	0.697333776687174048130053015591999675	0.012276373131385652668151594086744971	-0.000694138911446168782484196909737398378	-0.00165006801166775611551416406710857697	True
47	0.603344460003661116579057259897191934	0.661962092286689171150167425024398017	9.99741234730781505423590070105422745e-05	-0.00245704959350015807492993663444003972	True
48	0.575920596215538285634915862554492893	0.472505712238378115859491841167154424	0.000342869195037006749048350825147716936	-0.00288435385326642599859311661260055862	True
49	0.415057450410627632062779313319648654	0.498678845510829556202182898563328138	-0.00058365959737588111477786162910903936	0.00111515152508512429604651905840688167	True
50	0.743026144182408684243891156710240165	0.943136804654666592358238641172982684	-0.000134381697529911777483094671600914315	-0.0017119011288883014302262615204874133	True
51	0.680144594714527387897870286411799366	0.690923734121323822025198920741467615	-0.000687435259878789468453428752904426352	-0.00051500368393925225174677077295895548	True
52	0.656364956293832021741057933433134308	0.503223026490022882271276187989224909	0.00254173223928623198375829548817730474	-0.00110051357756682674617138661627262881	True
53	0.148953829474280375414116774147552269	0.708606579669293847573129290269205042	0.00199188405926593344412381757936350377	0.000206108873755400231552536673035726889	True
54	0.404014817848127948502070077378439223	0.120419179040555520482287758019136889	-0.00190576203892005108892051295407082292	0.000718756312472764823487316523752637734	True
55	0.00719219764968354609238790363581004381	0.240224084564185675029499228368932281	-0.00108943070194799307442063379050231593	-0.000483300697206589807766501540318042425	True
56	0.576432219767399682333677142798539651	0.568913623863739173570647478950696636	0.00132320772575163513730250213220467498	-0.00281129718403666843466189295508488077	True
57	0.511658809485876313673909994394693358	0.0873040872131012733337264018311287701	-0.00225718312141898182811983575475601908	-0.000409812160661864609021716871306283248	True
58	0.840852938274739000672911172533946731	0.989904898770038337740933287984750988	-0.000960011511915129281043488121642400005	-0.000517863000712961901567019288101999993	True
59	0.985884125911038247715364265023965929	0.818266864919795110831798755019007335	0.000888338548563687683218182248266179522	0.000863879298541172080933046568419534586	True
60	0.432820376638032203691168193851338958	0.942667304696653223880294936174004596	-0.000831449749032727337694718083566842361	0.000293771976227148642800951818613182228	True
61	0.215303121752223395266057453770292913	0.483395857459425215801697292830243505	-0.0012429518534476433235907758746522336	0.00173721666429533696932205642074825101	True
62	0.754371844926708459712308079661208263	0.252218749398967759320071902432551577	0.000624369679451093860111982771497540433	-0.00076119460894015139893309657177489397	True
63	0.820642073669765952883740724956056577	0.887537763046699017252944490520394939	0.000540568631281008478981575400353638566	-0.00110096004189286126185359659308390954	True
64	0.265816672138000150832176794279399435	0.24018926232109718111888651427731646	-0.000769167507429218222404509815559634239	0.00188954670233844799213145051414334785	True
65	0.321027568353014997848320435179699092	0.848429210810930557746844876466667303	0.000691681173256082781809051719857226269	0.000463402943203889061826242370200277494	True
66	0.935319139302886638216711347147750106	0.982101070548928129963625184147068024	-0.00112983728513395120230383154859132933	-0.000296993085871284587442356404521908155	True
67	0.744742882713199811482195039520346695	0.493668189441360626932083600955721886	0.00256373818191609642368431498814926636	0.000683456610641454323449409137839968589	True
68	0.474902026215168699595003871205310806	0.221397173074058851458545973170994015	-0.000659181298852936356718313626064321734	-0.00105757179477275652837037085612885595	True
69	0.337871229907916338125919987382239541	0.336885698368603403444771245273999774	-0.000395525524611678529955220989672067016	0.00189470783398788138707881984585503736	True
70	0.00166011274390139273259146917863703123	0.593582438820296237075366697899860256	0.00252969500657730899470158265968669753	0.00138489835478099686259270396855048868	True
71	0.0803201472339171417729940901205250826	0.145328221147477212587392417463275639	-0.000777070475071398437833401433789304534	0.00182254189430010422255968366555337268	True
72	0.780596246947623310100298221992809897	0.154444252649923537171174156009352432	-0.000571540101136325622662617878362517514	-0.000981906871107727763288194369075269658	True
73	0.813715928688105626474014714873575371	0.802998990672849462078301761244868845	0.000598404082116885816865355468812783108	-0.00124973698291309443612498207413785044	True
74	0.9783144476659014998931549390061575	0.512183639329363486378426293826974026	0.000898958549550691984800083299318668408	0.00171743254298744747898442578629750296	True
75	0.168080288306902508097439038712588485	0.558304328401241785827148712282936324	-0.00111026847598420503246972965752854696	0.0014065097480983764307192280661426424	True
76	0.293516299941808227596847676918033771	0.140745511799407778839426506676992036	-0.00156607943279906755430719866229191713	0.00193702910633153098746346469780872884	True
77	0.0903063943509632213687231818511441877	0.954414216687803196400723231569945836	0.0016375763621220595066050829650147219	0.000780783410187006037331114776420178482	True
78	0.189213643505728781424968170220353537	0.416353360651450149888419483399776914	-0.000754697451786602077205776044416528456	0.00159355407054755889278094231860918196	True
79	0.219007291410607168080982127887842695	0.974420596013530838380362424056268526	-0.00107584103177790782592979688984026673	0.00186842545502026385049662897775327925	True
80	0.502639788679192034876546983234733025	0.422564879514847888927735422756059435	-0.000866696137338039310072356771943677431	-0.00114142563491367460910306566615280924	True
81	0.154272756823116549018677058640970523	0.492216752153904637523040671014722666	-0.00135202048648691156649986079524997282	0.00138532720199897954929662846585638537	True
82	0.759029997063333354138785146229497702	0.0584210337529057972669424789951809436	-0.0012918751384053223088817639533456074	-0.000837305018466464023888631088770326282	True
83	0.0513771210475174158653838607543902739	0.669408275939483835091731950347564865	0.000938083178932938967830367921255521539	0.00269269504996526033234836458920709092	True
84	0.815367609710342437282944159013603175	0.63360245319517003379934374796942817	0.0010457784443337874684637158906964501	-0.00276609930175001051424649476924415013	True
85	0.56288322414588242625728822715556453	0.00491412717456235810054787895124908903	-0.00357204362404835555727327727729338038	-0.000991383453086357272138369398935782279	True
86	0.367166126488239836310946722527202653	0.226326629617224536147155244150683863	-0.000683365845503497709908087525139232451	0.00125155890597745546036193283514698459	True
87	0.610181030212124202961236246891229183	0.737550030509725406068342030817047361	0.000292920979274167769085658256694548924	-0.00248496819904010813770582501215435052	True
88	0.658616326748585315046805273372137979	0.956399745365510148758868326036998356	-9.12733665326300819548214854688950841e-05	-0.00205460847332381429910193094817895382	True
89	0.840429410849046180507400316203757938	0.238464273508961009476464335445096702	0.000822834859762182575761879314532958366	0.000531613728354703008188165661694425132	True
90	0.986001889377494163827043167821609995	0.113643467977225235514060842144553867	0.000327921839049051290897899897029561048	-0.00112823772738856683070693082959470141	True
91	0.0310768711628129150175610283616844225	0.446245565972923937016203898533413639	-0.00107744456967761830429311338538754781	0.000360663572280819901776025136818323989	True
92	0.434336294445742453670702481894828211	0.0308358515904906943992532747024549882	-0.00270626632272007026096279350913360532	0.000428864017418752920787801901589003154	True
93	0.121098866317189489974288173036977764	0.0401063965930374578675449234151157341	-0.00130467978152712119162509991344089619	0.00168561887598111812910274820597025021	True
94	0.574318353226913711451670838348005573	0.180488126849269080641370271946557282	-0.000837678502258432805810731440308314395	-0.00178970317501159644658602340465025188	True
95	0.918821652068947997925124654162206325	0.0639453845020229256763314786620294026	-0.000266095266945564559067703845585573512	-0.000323965180743142118653456902238897425	True
96	0.73701863521583245693291945556077149	0.631388859754544268402536650736014839	0.000989927322088514938950326966015989486	0.00121243858367200307263100580381959309	True
97	0.494430338125511851150378957828136968	0.996873002446655478462674250900436928	-0.0035250093990688075052897669467756937	-0.000726379677721587074024933302852848214	True
98	0.663136932793634799654773176158095771	0.610384020956720880157641456502850781	0.000898764974660622893263032282298117059	-0.00114867686186505604598911648643666791	True
99	0.516042038487367580758938812991780855	0.318120254256740500209963768013642648	-0.000122581255734705522479821381530236331	-0.00121647870251690939129307092130004856	True
100	0.20176520020336152164733776722037464	0.0905032568031102209015024862787402767	-0.00175201963986351721291500251026402558	0.00208201288599686524565632589033265116	True
101	0.443944195441983115493637297357149875	0.752859022549784867673886356730928968	0.00127099371034058246123832820860687469	0.000377162333009073145236957694333454012	True
102	0.680844688700328902874321350203389387	0.780786173599986738622764757433787243	-0.00105361227325817144560474031095270729	-0.00035565550537312534093528841524107389	True
103	0.372358511678912479901095084127716312	0.603737596762150005168678244983361269	0.0018982167597649651105151855985117245	0.00103001924798194038244618381343825922	True
104	0.0667583400727516131719021149935806561	0.763139734969332334431746194680388731	-0.0013337159419304707223947209148319963	0.00269489410106934295981916765416328175	True
105	0.411075116289083325081024845986088365	0.40137239493865472636119321236081346	-0.00136097110383476787434226399805841155	0.00115514094095131837563871305159981514	True
106	0.0172279571217254749242960061602980416	0.0241035812067293878332208570623713202	-0.000622706221723463508544858014848254322	-0.00153456874257372827260259438541373387	True
107	0.209595478412733488071966228797254064	0.771274178934954019482897436189457386	-0.000182594713051599845558282057441090977	-0.000645685765247496694867621043137619624	False
108	0.148392893073688953283760891378263243	0.893442028121980380266841049211190252	0.000991091535516650963674031487897617012	0.000102844486123515889224466975277613314	True
109	0.185705048190028767216562848525799704	0.187866766706748981779103597983214821	-0.0009831467802716204743951308284716175	0.00213654844885573174575145552051250693	True
110	0.885816247082433460384779328431451363	0.159497916806743524428954979696659711	-0.000473062176789190493613152839170389872	-0.000261743313861717938675809907652707304	True
111	0.775519419115575627616889108184478228	0.412057628879931670061162206905565208	-0.00186933383333541769255751387201017808	-0.00065406983383088033483171200444053646	True
112	0.246538691839528227615827086377026383	0.710955360510338918514357723054221504	0.00181504705721901368408899214239627046	4.12785512289963196759703211152502318e-05	True
113	0.963590154169734396881228651792921603	0.174078623716452208207298268161320726	-0.000164842859406237935282555027212498409	-0.001249764460852862062108423798561791	True
114	0.893088803350077415006244847364150692	0.487741622902882505952588683870469804	0.00108674001732480514627997773208414923	0.000399377508167240789795512999953753613	True
115	0.504095050417389456948149613470395243	0.509700294122479673026706217754744156	-0.000225840206867784997929959351481665202	-0.001081568454508180565109388926459182	True
116	0.868879905773091986974772296172603088	0.394955948698064341802044273028738292	-0.0016076825713439952298133071238948063	0.00110409162593300532122401177958506606	True
117	0.0924401520552262608815037170858738237	0.472825835513743431609728041803379568	-0.00139472523078479370754648796501566751	0.00123707290906272657362124586715178133	True
118	0.0124433709655738829119345463897701466	0.348887651644920439999274491306854911	0.000779576607608699099921600528501169397	-0.000570768444986525716092048058147732798	True
119	0.363306381366789811465531922533187206	0.790173438313849514094589031920752469	0.0013648257950520898413376634204906141	0.000856479621478358596307819581795508497	True
120	0.29093309910383069040812077163587708	0.778626044120639941479838570137197196	0.00141534099085563312322859204108164333	0.00029566422046315174700369592321488064	True
121	0.898909182849822595041094116205171355	0.83254259833652440962146271541457669	0.000507431736357201064854498947790615609	-0.0015471697221778596492169925709566457	True
122	0.740687927994649916400034102651614589	0.848301832413691417658844137159243338	0.000661026714218586518624797203580215695	-0.00174640957114044451633628222998491567	True
123	0.346627832017548716388854826733341628	0.699545293200587427230623522621649207	0.0016894013186059491626502565513470361	0.000712260432886802501055712282161803283	True
124	0.156861177415102058598563387148404347	0.335735137600927779791466970409779847	-0.000520392828329763498631095977363607159	0.0015409066343499266756092339413440581	True
125	0.231199978113696127046541562527537683	0.848726286771648186025295386636331673	0.000586288202366473676245090136710830452	-0.00057924010652043030237657728564302876	True
126	0.984852405560299663867593438986858571	0.737560101123562232134255449486285172	-0.00079192801207400067970093584835675347	0.0010866707178309632287739584928784728	True
