particle	x_0	y_0	delta x	delta y	stable?
0	0.599023583334227908582736706726706169	0.862677709833261364007509000101783206	-0.000518494858832496362441149736528573576	0.000119509941419541792647700158183537944	True
1	0.680414049233686246116069093401074725	0.175502018610654028602666283171459349	2.53126598144320044653629064209316311e-05	0.000159573521939212266140965611199525928	True
2	0.412345485892188844195374808056968872	0.32613201815603435991305641209996796	0.000665577241526088462426881166688348628	-0.000360685017553186266966141585470414668	True
3	0.898083008189138524254672488264083887	0.910791918816915421640712323039347137	-0.000607133889927708639844407289378184107	0.000892851143865068757564256668706656359	True
4	0.150764530591984273333387988321182805	0.805016690464532105583150959901864065	-0.0015049842840433610939870317423879067	-0.000647499062871046794651489181735648458	True
5	0.523051493644408960426962631177124596	0.689047393404983027456504278099119629	4.26724861257094992240720075289919724e-05	-3.38516507163294297887053902801835062e-05	True
6	0.81264290219594044004027931142169102	0.312861594570386490428285204167803972	0.0005377553305352402607714807885947732	-0.000178553958387036195424818972198875217	True
7	0.978193855699454139881074007776260562	0.902439068780591529650064469058346992	-0.0011824500531500647710140592084510725	0.000448503208531135216441173218006288008	True
8	0.188639132754295919235087052664999288	0.272805235828419380020248992698951063	0.000268925041705266223140505899117833059	-3.79267967869213055663371569676928548e-05	True
9	0.0949380297613552472497612842444650727	0.396931336578289924770919082047392191	0.00050273840809849887366256469161218182	0.000118223001802198755394728377891021574	True
10	0.96868589568046409342562763982411416	0.656402985031020518362817327384010284	-9.54248178097218792641312056892237928e-05	0.000562491771492851031746484850728214719	True
11	0.302342437646141648395879730408754151	0.62131126232222630988268055061098739	4.21209563299395031667117030827855294e-05	-0.000386887102509318743691291824797251191	True
12	0.325181530557958399614738557200345912	0.55158569445504186465127781837643582	0.000200120243761058952027183945283875914	-0.00035500391992224420311475117343799066	True
13	0.0662223088244637240269191718759264765	0.852451693788855920751556531830768769	-0.000836568220383855991336615751732944418	0.00065466099316734672245637398937904166	True
14	0.524229797030816341230760782598911559	0.937054954387456075647565779031158948	-0.00073250662560423588314692235424246231	9.97653143863674636279144691110512496e-05	True
15	0.720404700517357101772629634512735493	0.566972979365571410824681732743433904	0.000118003504896546353020607469901177674	0.000323828190873587435470356807600379939	True
16	0.908444977989208205924683744243049977	0.292832807251271208117176587314878167	0.000533199203872592830172703988541565357	7.08134750027166343752531871310775263e-05	True
17	0.489123940305171439832162353221573369	0.85172214395396893223379896250796286	-0.00056614915531462697292695146896827152	-7.17546481391887999629323925992174329e-06	True
18	0.59503449924191992685381976182639711	0.954827688859212660170439989774969688	-0.000725463957467672572014363825858570443	5.43561839913218865830455487048341481e-05	True
19	0.632273499051418691662409659842347481	0.289568350993716804456343489671885182	0.000581121684256457704119861547893608158	0.000393930850006346583169767830964507857	True
20	0.54079562047634340167578488338951948	0.777326325152132724880468165246647852	-0.000303193974563561843222549389964377749	6.0132938210663387867293701973562228e-05	True
21	0.884962761380497737764233425460962199	0.713765660897891525594975203110079739	0.00028420105039524516908057507516108279	0.00100787599983310178354435617507723168	True
22	0.471948128960990358862940303693649626	0.59973062975656333511449597446165648	0.000174298005901161326727601683729124926	-0.000146645896102895196111330263067925869	True
23	0.676916333572415636443625061961463572	0.40677800961929152093017365478131794	0.000599538879526810413685198803934092031	0.000311976853236898809760979057790073851	True
24	0.811306073307886304227572034180061125	0.548093958461722263312228020793503084	3.34350964662956195313663445019189303e-05	0.000674823483695631157949922058835354096	True
25	0.338907297157060590537553872605402928	0.040839541942701247307188277455721572	6.63469642172659690559778413211179528e-05	-0.000605112170725265192930330165994355051	True
26	0.687392715976505191519899291211250119	0.882647188356859480148438506269954189	-0.000511815532473136142593943004689926404	0.000264466356045580719959041824027557919	True
27	0.264423654984785612705547376400005282	0.0638045315519487130314924803654874229	1.91554566048828485814330580013292835e-05	-0.000828217491528217585101446449832098539	True
28	0.402038321504010393859759262402635847	0.859457729664756191920032221229937357	-0.000634853630934847778003296085094849993	0.00017068723418056438589812534354970593	True
29	0.431755046546149678312193180253943762	0.674455329456696716276322646659448333	0.000149838183057052867818774146880473328	-0.000207719117086521403706237763506129549	True
30	0.299094905339292949093639899555216662	0.447054611181459363619934465714603693	0.000536669658602134317829514904074097541	-0.000406244535450350220191129011684922198	True
31	0.131023463568158129564164586157257505	0.61399623240176982421517765273289575	-0.000196000882401687250292589316840405189	-0.000358666211178174519829715569904176097	True
32	0.332531032934565297622780482260940923	0.941111245273324154097282897838845951	-0.000814006562180479496153572475573340093	-0.000535829152393915703172043097490104334	True
33	0.636200819798319191450651262423089909	0.0744768633249122917019464378145906804	-0.000797073823169549132968530097020236806	0.000424502744998107615396571502902524304	True
34	0.5866983066465793353628326356519128	0.393942639029616886721971315863870202	0.000593550108810967835110010166476966704	0.000435282903521662691814125285557141598	True
35	0.734731537686221095608597801384216427	0.336669796100489701374541611128087602	0.000680373142995692359252007213772708922	0.00028317509522860174933199140166039715	True
36	0.218153883948502032853950037802094704	0.627483975292404750202556604697807418	-5.80767889826595602702847295791219511e-05	-0.000660728287149248078181735602060687525	True
37	0.950544356066708486206910270419421043	0.425403978802197590244752519828972954	0.000343591234471262191192653058296141235	-0.00014022299246073130451212015289852904	True
38	0.245265870094512907975086752769800908	0.543567355371717786239522894629555234	0.000393355389784810773129733690539337462	-0.000502444345175142158644294932695499645	True
39	0.105544538937228552193471459526041468	0.251982345713014591037513639680945432	0.000199630675957057174018321537901852194	0.00061403864206859795256976043789035124	True
40	0.815963078173442920836806066373850525	0.472354181840704409251898867040523178	0.000319311623347036203360246246862663733	0.000655421105768176518251647984105742066	True
41	0.844370592715351559314866843541129872	0.0920889493900542968546846853228036535	0.000937836229555626601336480303462000823	0.000949552971787609883141282792001964464	True
42	0.0791633550505046699865916249232504826	0.545976687417992123002810352745709788	-0.000736011409577303001706064324613575535	2.13352284478531863303332737796725468e-05	True
43	0.770957880202496735263027771122142351	0.716926226011767673625571112804711384	0.000298591488862574605238381672458655281	0.000234552774104722076915025877955658617	True
44	0.904533208782231283695954481507201546	0.586582044061016057965672415409432429	0.000295776214730466708005166556347248951	9.08093686214699916335319629116001239e-05	True
45	0.239069402954745059022718074948124642	0.340852582177396265547774457815390537	0.000794504719461615957536883055205011293	-0.000494525594688940478375646546572328076	True
46	0.693995200214357164702904362353789803	0.00212976100876272418464402286624423363	-0.00102530044288463504944503547754638249	0.000281757551935446672201634547420325955	True
47	0.605114340177272937935066405772782853	0.661052845268853307150698272502856061	0.000224806049709381760362478099670139077	0.000447923461697727007743116187690825032	True
48	0.577758544311942204619644862264485279	0.47088178063155860817331839947544523	0.000208135563592680531218957997676625112	0.000405161229253711063657233705927431624	True
49	0.406946922009001075211272567583106586	0.512101033181537384072963034317914771	0.000355791519691079481039748795930030973	-0.000282991681173621718714698502862854711	True
50	0.744226661589159580991231385615688454	0.937307111854380960262550733329581366	-0.000725652848359206168730400768380871753	0.000537532609994757889002017037753496527	True
51	0.680834153537817926151948073397042238	0.694404544685475499131327583987572756	0.000321066732813116853913613137673091019	0.000265736569392589277536926471312396215	True
52	0.655212161217127893237388559696810028	0.50042718510521549881745716038830031	0.000240292635410478399203755276955456546	0.000234045104537240021502963430832205628	True
53	0.153535181949738020838969154452938084	0.706225795758415150886838812636025022	6.97521518989863933012319142760408434e-05	-0.000497196659775189705184828395617080457	True
54	0.396840734472024015899377517089742413	0.126064578314222697157439482526675956	-0.000330955414718015555891251517115907308	-0.00033432963184660757718156419716541478	True
55	0.0014646517043243718323618666214115028	0.237293147496443890854687436331636107	0.000333559302517796097272411256505302025	-0.000123805073259934466829981246368946756	True
56	0.578288571868797789189306370842712867	0.567224325407984673895363763390603981	0.000384898557794013029458406471662455448	0.000421199991860005892410000372506160906	True
57	0.501334491494651303125644264373015696	0.0889268922383221971442401224451281816	1.79006992092183971269521413649625224e-05	0.000514035223480017505012506692553729552	True
58	0.835429904921901324667254061487614901	0.996181720550565058706574994898945551	-0.000982378691683888634868133070274267999	0.00101729614236625678154931112181760474	True
59	0.985446323827939438744452395003408881	0.814735076840471295593133124004837164	-0.000687198036113578673126099856122106995	0.00037887099016332431459339896935427878	True
60	0.432744825663979147895718524790044244	0.942949261690140024619934411260960765	-0.000748166070867516842898448542021821402	0.00031846260574558577153994642639543408	True
61	0.210701187253293846363112139308233716	0.488378126899200969267949440810237542	0.000498484682011647465180153012567865081	-0.000571058095831017195791612585793825933	True
62	0.747039253619545641711036595000719364	0.249166838122856751760217462542072972	0.000322767522235153482228043848911675711	0.000101430375337350036153598266417917711	True
63	0.825939571806625828218749568464322636	0.890379694753223162968046187861454215	-0.000561537385047676037735759221971222209	0.000941884491843235373068173939927989693	True
64	0.266333883658770876823290608333681438	0.247825447727957081950972925643360533	0.000186912939276035292264739127617660068	-0.000630435711439234557657567890402189156	True
65	0.325827424045703212556111518513184674	0.852307784415386860888159707361334365	-0.00062611402171968984574290623655956973	-0.000549212945232125906463776909578775842	True
66	0.926691182103586775192662504692433605	0.969620881646370457542976179973278535	-0.00086570809746841109636736261318321158	0.000933135121726365942978518461832066369	True
67	0.743170690921670419755558718267036247	0.494051368808329577373357444006123329	0.00024907684047511314400859279956263143	0.00036615625047551545550040961622226866	True
68	0.475884538527911857996496406854924503	0.21785096988839303999296540051714133	9.91322023442002664783321112173443621e-05	0.000495310671651673133268982398956939491	False
69	0.329516438027013345629977875446325922	0.339384876194534524405093891179406294	0.000734030615985432146564314983032047085	-0.000312799720746692025961350755256477504	True
70	0.00538328948562301901612995901775171915	0.589353084948302821532790256621488205	-0.000583952715902671241066654600126945925	0.00030341831757281771560288657866067881	True
71	0.0869471277052106534533993841829610969	0.138020719371183439196834530736866615	-0.000528251286644431581305525883914604805	0.000757422220208434819745435684954052791	True
72	0.780583072435469121779665589390868018	0.1533728571601643515935391133983818	2.75362642246174071207643399306768047e-06	-1.76645632992241469758809126303139812e-05	True
73	0.817386143612831549395144793660074668	0.793282719782306879363021925241347786	-0.000311641585528758375736126211818873234	0.000546401595573939871778153395885784218	True
74	0.975644332771008413546169736831733975	0.509788806501634878853558978754380106	0.000476819754330856728745187356405138068	-9.83588911348362581095518745581289199e-05	True
75	0.175654646777806563108106300179482078	0.558962420816750917330593540299197513	-0.000356289730880290604547335622022413347	-0.0004506525144576937862962936264284182	True
76	0.288092716351047426826238633652312495	0.147879777160306873870805206062854214	-0.000444059849229744857698132707758732932	-0.000731035985867061702877322309045973026	True
77	0.0871548297107996101008900665970718287	0.944529599654754200547443661874082498	0.000956963304223669631339181254577509943	0.000345257591171584856041346601384513277	True
78	0.183247092278030273579937670545899691	0.421257406718013499197385000663124307	0.000664091695780100220427868321227376972	-0.000649421642975643904031608498059550346	True
79	0.218331603161850233174511972987646005	0.976213682795941142676180513294162436	-0.000845178496415649282730261121270444524	-0.000308940625684503031541795261180943806	True
80	0.50142886795972557385644831577059703	0.424829504833194389585412976051238039	0.000456516839279860096439501668368935881	5.41604904472908981443777052140004923e-05	True
81	0.149350326803951029410278348386088412	0.496548748600838245034698552653624813	0.000486298183738117539264904445747799953	-0.00077674758234461483200844779391774733	True
82	0.748778734114262618058919634416498526	0.0584134624203216106983664060456842807	-0.00131189556281920093418141173565449356	0.000500929568857226741969596767686753698	True
83	0.0564407865372030742808755656216999725	0.665145481010742897547965253000784619	-4.32093970718242128745734916525384725e-05	-3.00263742229808439262024319704123312e-05	True
84	0.816538855156812910459065910190910541	0.632042346566526178778732791989656983	0.00052622510048752053989170094467446114	0.000685709860067597247043125651659766689	True
85	0.558581810678452893004316734232727994	0.0124171429209999815444304517852757479	-0.000606972930022559696908093571632284985	9.06171917989481871451138079039678175e-05	True
86	0.367987891455148266575170115132913072	0.233802901075959959887971105385938871	0.000217123470718814522077634809312005797	-0.000158031232145740137331722277881200788	True
87	0.608088547015538320239918393274444732	0.737147821743407996414680089368148957	-0.000146146895336465489592363243899593918	0.000415127612140190294288861848790809518	True
88	0.659275918775741276723261952973134839	0.942252757572338110469443919152587473	-0.000722571814494594928387626659419292587	0.000152416884065875606858246961316523266	True
89	0.832545778019832588261889211431202433	0.234737770900000336477327329269073419	0.000263457114624096176581243620128871151	-0.000288199224140266166351721746416485297	True
90	0.994449638344292372402011216569253512	0.102042175162900194349456099159781125	0.000212683916692744581907231077362844069	-0.000970404179911209998264277077445705733	True
91	0.0272618083418821434115963424752468315	0.444307829600931672599516052857213114	0.000313920493496916582111285610387426012	-0.00021185185345089233919614681982777173	True
92	0.424435751263319113021648816976841059	0.03060333532955838680198488997291665	0.000146267405804825786912253133122570776	0.000398172527598293397356606390250834941	True
93	0.11524392447316824287319478696348181	0.0308179869307927580705520411658650249	-0.000362595266772361622761791687858558655	0.000785647808882528724629413358424395706	True
94	0.574772196039680384447638973032927235	0.174259167847398545845396887188722179	-5.46656265189214159258259834595313347e-05	0.000689150719988175557185220255698121319	True
95	0.921129716110092496912542019196341977	0.061474200887594851764676376252552366	0.000184637675291721326030645811564848873	-0.000790928563876508802232622287292132735	True
96	0.738020123117526089544005943278109619	0.635310804533813687353513804805500015	0.00043926206804169414721215875469870747	0.000242737537162274432753011081140335746	True
97	0.48745000747553980699570460366345574	0.00123377315975569406814551337835763338	-0.000499118652855839111448319860928378262	0.000341238726622725475365954743298570232	True
98	0.665201535049437147624460818788035164	0.611486962474700047723299916093856597	0.000324606245204522360841113163559603598	0.000577692472600005894159912776539008661	True
99	0.510045474265336934007117042882146661	0.319061907717848040931164902833685547	0.000632796627141706830297462202190323324	0.000121713081963994614614746628036855036	True
100	0.190662231284298766519068129966985996	0.090642634328868990761953693219102306	0.000307615244969671745430410324868656103	-3.7290499414432939738337911831980713e-05	True
101	0.447195770899657114732048688528839922	0.75746403394600419146536770170334445	-0.000123824583544327411124881815591479776	-0.000190913299335141541261128551626228399	True
102	0.676273389724858407932153311238996052	0.785615604495312008240190810639112446	-0.000149893456250527230416711602775197668	0.000329880243079197643160780440890747323	True
103	0.378170216525320135982223130544369134	0.608491789790710741796083361606117348	0.000115085928292909097044070255648222536	-0.000327929840266694222615007530936282583	True
104	0.0728397547958803085715132235430707369	0.758564487819108706021188933501201466	0.000559192141676701705443993187033713669	0.000543484311847802736102797303554472862	True
105	0.408086860724681438412020283810961765	0.414648967703727593466853830711955201	0.000522170203931051147602420115895719109	-0.000340772810097413951777098986435205627	True
106	0.0113403331408549788082335206679807193	0.00876825282356612824931027225713547287	-2.81110371497117764334720042850314136e-05	-0.00101334856355818276072478895736342496	True
107	0.216697492122694227700715966543554082	0.775399720665415734438925659250601946	-0.00153575913817445434853248570120406994	-0.00161598016443109041487071941609072703	False
108	0.150593819520595644296601057556347687	0.890990151410741681574010956051626413	-0.000172393744980126265615812927341510927	-0.000774271565094896325686055508693445807	True
109	0.188550511161886808798617107942329974	0.189483305207461729609773011623130781	-0.000204886125254324808738615578135868679	-3.89507726924956322441886711380081436e-05	True
110	0.892207392707331551111183526911620856	0.167233090995930582317633326731613818	0.0014155920358895290639411611556070608	0.000706643302291089137863709476836507723	True
111	0.77112548061688186328390261459341631	0.410978672034095704702271491508526619	0.000526795545949766040470900794622988952	0.000444629788249056689414446104523249108	True
112	0.250165486736159029302007965537458847	0.714363694181552402773061163420343825	6.81919714174432419745755819952816647e-05	-0.000759655800570970499202826604762805571	True
113	0.97185191334994780257619075905247259	0.162228037201672012887486691218805023	0.00135719027261927925489422023766289593	-0.000535878741327755572413135466167700352	True
114	0.890406575871016389213601859184931147	0.485476814349291846479397238722179629	0.00044463343929725379956153183068020549	-1.22546978991631581595347175475073586e-05	True
115	0.499999122513322084490964375136392723	0.512674185969958687961519541184674292	0.000672869840234743917447730684801267246	3.77558039510782534097212896538118622e-05	True
116	0.864098300446490305968980951345089181	0.392190907615724694640964664477369153	0.000361012289662016310383706779785996718	-4.9445878123328741569944064987179836e-05	True
117	0.0891256771847195476755255862434884919	0.471256098331357130200211182385656815	0.000143675770332127280066635554973284047	0.000126872750005827346894530652580316063	True
118	0.00723041960389289580877514381359483262	0.34638611636392682071470970552522593	0.000569079645045676165160465671989011588	-5.35641487512088126234106378393647244e-05	True
119	0.366798446920044940927716758073718425	0.79380684832478027299076116466293274	-9.52114162154663189287027035392241098e-05	-0.000204772765790044455857553114686974072	True
120	0.294355520742049292690985258199648114	0.782671749356501942774845148613186634	3.92339668215707150794503470573152345e-05	-0.000804168827561804285021751508628749357	True
121	0.899366547631929839775485946183492442	0.830119585359509032743164773391785174	-0.000540027805200645076483164781698216053	0.000987203783704859452870752994064296588	True
122	0.749118028711669970695629106384123613	0.842028164061048107806426815479713213	-0.000315627470943711835167318376107526958	0.00055686118205550268050657915830241551	True
123	0.34939177833406653808496267373015	0.703184979015755098932474656938014662	0.000118891179808234732555939537204948376	-0.000392776414155503307952802745899495393	True
124	0.148920008336288837788231693618962922	0.333072601806187463022586590913810265	0.000751838739807817971462013837545989584	0.000316099617208948371268362393335466682	True
125	0.236388245410952383483156663973058823	0.853861512470434354832711083399571132	-0.000730138166656482061642425892094015197	-0.00176603071652502342565520464225803934	True
126	0.991222043884165685143461852206844517	0.733726468548184091362833056747050368	0.000494263153351072756358165909159107389	0.000449279387425312629122171768713664608	True
