angle	too_far	unstable	rearrs
0.0	False	False	0.00095	0.003	0.0031	0.00345	0.00455	0.00465	0.00475	0.0064	0.00705	0.0093	0.00935
5.0	False	False	0.00105	0.00285	0.00415	0.00435	0.0051	0.00515	0.00615	0.00685	0.00725
10.0	False	False	0.00115	0.002	0.0028	0.004	0.0042	0.00485	0.00535	0.0061	0.0071
15.0	False	False	0.00135	0.00205	0.00255	0.00395	0.00465	0.00535	0.0054	0.0065	0.00875
20.0	False	False	0.00155	0.0022	0.00245	0.0027	0.00385	0.00495	0.00535	0.00555	0.00795	0.00915
25.0	False	False	0.00185	0.0024	0.0025	0.003	0.0033	0.0038	0.00495	0.0067	0.0074
30.0	False	False	0.00235	0.00255	0.0035	0.00395	0.0058	0.0072	0.00745	0.009	0.0093	0.0097
35.0	False	False	0.00285	0.00295	0.00315	0.00325	0.0035	0.0047	0.00485	0.00575	0.0059	0.0069	0.007
40.0	False	False	0.00325	0.0033	0.0042	0.0049	0.00505	0.00525	0.00575	0.00645	0.00815
45.0	False	False	0.004	0.00535	0.0059	0.0096
50.0	False	False	0.00395	0.00465	0.0051	0.00615	0.00775	0.00805	0.0096
55.0	False	False	0.004	0.0048	0.00535	0.00695	0.00775	0.00865
60.0	False	False	0.0046	0.0052	0.00585	0.007	0.00785	0.00815	0.00895	0.00935	0.00985	0.00995
65.0	False	False	0.0043	0.00455	0.00475	0.0053	0.0062	0.0065	0.0071	0.00765	0.0078	0.00785	0.0098
70.0	False	False	0.0042	0.0043	0.0048	0.00505	0.00535	0.00625	0.00855
75.0	False	False	0.004	0.00405	0.00425	0.00605	0.0077	0.00865	0.00985
80.0	False	False	0.00245	0.00405	0.00535	0.0069	0.00745	0.0079	0.00865	0.00875	0.00945
85.0	False	False	0.0011	0.00335	0.00415	0.005	0.0066	0.0069	0.0081	0.00865	0.00885	0.00895
90.0	False	False	0.0007	0.003	0.00425	0.00515	0.0059	0.00615	0.0066	0.00715	0.0072	0.00735	0.0081	0.00815	0.00835	0.00985
95.0	False	False	0.0005	0.0029	0.00325	0.00455	0.00495	0.00515	0.0073	0.0074	0.0092	0.0097
100.0	False	False	0.00045	0.0027	0.00365	0.0037	0.00495	0.0056	0.00575	0.00615	0.00815
105.0	False	False	0.0004	0.0026	0.005	0.00675	0.00705	0.00755	0.00915
110.0	False	False	0.00035	0.0024	0.0035	0.00515	0.00865	0.0091
115.0	False	False	0.00035	0.00055	0.0008	0.00215	0.0046	0.0053	0.00585	0.008	0.00815	0.00895	0.00935
120.0	False	False	0.00035	0.0005	0.00075	0.00185	0.00195	0.0021	0.00235	0.00285	0.0032	0.00345	0.0041	0.0059	0.00675	0.0074	0.0076	0.009
125.0	False	False	0.00035	0.00075	0.0017	0.0018	0.0031	0.00345	0.0042	0.0051	0.0061	0.0081	0.0085	0.0096
130.0	False	False	0.0004	0.00075	0.0015	0.0028	0.0036	0.00425	0.00435	0.0047	0.00665	0.00695	0.0083	0.0098	0.0099
135.0	False	False	0.00045	0.0008	0.00125	0.00305	0.00375	0.0041	0.0044	0.00445	0.0051	0.00735	0.00745	0.0089
140.0	False	False	0.0005	0.0008	0.00395	0.00415	0.00745	0.0079	0.0085	0.0089	0.0093
145.0	False	False	0.00065	0.0043	0.0078	0.0096
150.0	False	False	0.00095	0.0046	0.00465	0.0078	0.00985
155.0	False	False	0.00125	0.0034	0.00345	0.00415	0.0046	0.00545	0.008	0.0085	0.00985
160.0	False	False	0.00105	0.0015	0.00285	0.00345	0.00405	0.00555	0.00625	0.0064	0.00745
165.0	False	False	0.00105	0.00325	0.00345	0.00495	0.00535	0.00715	0.0086	0.0089	0.00975
170.0	False	False	0.00095	0.00315	0.00335	0.004	0.00515	0.00755	0.00905	0.00925	0.0097
175.0	False	False	0.00095	0.00315	0.00345	0.00465	0.0053	0.00585	0.0089	0.0091
