0.154087204663499195191024066567717729
0.16010007661849089570588620876120869
0.144383121575069912554652013112589374
0.166149806373265707597779693614808192
0.163241788302401274041036551856161719
0.123706544646233537467051687113662099
0.110411757564542224853621515533025431
0.140573078685451332085374441421428305
0.155139685229247712071008993208977697
0.125869766581104078491209412420231198
0.190774370690546779654696869071208039
0.108915241237150358367485042229092544
0.163034060193299346612849142503782972
