0.127673878719712061555567471951805511
0.113672990995063024290385351615027566
0.0921321642293666447932373069198818718
0.11673767180090414006789521912991283
0.17805523458166079007283528906442071
0.129869097491898738990421259176143743
0.103148686675278153233978674466609199
0.112407691785608536628031472105118521
0.105115441643223659431616823834257394
0.0978414277114338866905267718446655389
0.202551733408306516109587143579723197
0.142490464657658128309713487649201514
0.0998667644075500928661560782027198499
0.14590472857770160291278134840613501
0.0894105701478642245679136626734976145
0.112000987592816888100814747465671954
0.141398915494416668356335102361723256
