angle	too_far	unstable	rearrs
0.0	False	False	0.00065	0.0034	0.00345	0.00765	0.0081	0.00855	0.0099
5.0	False	False	0.0005	0.0006	0.0025	0.00265	0.0036	0.0042	0.00885	0.00895
10.0	False	False	0.00065	0.0022	0.00355	0.0079	0.00925
15.0	False	False	0.0007	0.0019	0.0037	0.00875	0.00955	0.00995
20.0	False	False	0.00075	0.00395	0.0062
25.0	False	False	0.0008	0.00705	0.0093
30.0	False	False	0.00095	0.0059	0.0073	0.0078
35.0	False	False	0.0011	0.00475	0.00625	0.00675	0.0089	0.0095
40.0	False	False	0.0014	0.00435	0.00605	0.00615	0.00785	0.0079
45.0	False	False	0.0016	0.00275	0.00465	0.00505	0.00695	0.00785	0.0084	0.0087
50.0	False	False	0.0019	0.00575	0.00615	0.00785	0.00835
55.0	False	False	0.0024	0.00525	0.00565	0.00725	0.00825	0.00875	0.00885	0.0098	0.00995
60.0	False	False	0.0042	0.00425	0.00485	0.0053	0.00745	0.0088	0.009	0.00945
65.0	False	False	0.0045	0.00495	0.006	0.00735	0.0091	0.0092
70.0	False	False	0.00435	0.0065	0.0069	0.0088
75.0	False	False	0.0034	0.0039	0.004	0.00645	0.0076	0.0082
80.0	False	False	0.0027	0.00415	0.00545	0.0055	0.0084	0.00885
85.0	False	False	0.00225	0.0036	0.00405	0.0055	0.0065	0.0087
90.0	False	False	0.00205	0.0026	0.00285	0.00375	0.00495	0.0071	0.0077
95.0	False	False	0.00165	0.0021	0.003	0.0032	0.0038	0.0042	0.00445	0.0059	0.0061	0.00645	0.00735	0.0091	0.00925
100.0	False	False	0.0014	0.0017	0.0031	0.0033	0.00385	0.00525	0.0055	0.0073	0.00925
105.0	False	False	0.0012	0.00155	0.0028	0.0031	0.00535	0.0078	0.0093
110.0	False	False	0.0011	0.00145	0.00275	0.00325	0.0044	0.00505	0.00535	0.0068	0.00815
115.0	False	False	0.00105	0.00135	0.0028	0.0039	0.0068	0.00735	0.0076	0.0088	0.0089
120.0	False	False	0.001	0.00135	0.0045	0.005	0.0052	0.00575	0.00595	0.006	0.0073	0.0086	0.00875
125.0	False	False	0.001	0.00135	0.00325	0.00385	0.00435	0.0046	0.00535	0.0057	0.00615	0.00675	0.0068
130.0	False	False	0.00105	0.00135	0.00265	0.00275	0.0037	0.0042	0.00445	0.0046	0.00615	0.00625	0.007	0.0082	0.0097	0.00975
135.0	False	False	0.00115	0.00145	0.0025	0.00255	0.00345	0.00385	0.0062	0.00705	0.0075	0.00835
140.0	False	False	0.0003	0.0013	0.00155	0.0025	0.0029	0.003	0.00325	0.00365	0.00595	0.00645	0.00685	0.00995
145.0	False	False	0.00155	0.0017	0.0022	0.0023	0.00355	0.00365	0.00465	0.00515	0.00555	0.00575	0.0074	0.0075	0.00915	0.0099
150.0	False	False	0.00195	0.00215	0.00335	0.00375	0.0042	0.0043	0.00475	0.00485	0.0051	0.0064	0.0078	0.0096	0.0097
155.0	False	False	0.0016	0.0021	0.00325	0.00395	0.0041	0.0044	0.00505	0.0062	0.00695	0.00845	0.0097
160.0	False	False	0.00125	0.00215	0.0031	0.00375	0.00415	0.0044	0.0052	0.00685	0.00885	0.0095
165.0	False	False	0.0003	0.00095	0.0023	0.0026	0.0043	0.0067	0.00685	0.0076	0.00885
170.0	False	False	0.0008	0.00255	0.0034	0.0057	0.006	0.00695	0.00905	0.00955
175.0	False	False	0.0007	0.0029	0.00325	0.00535	0.00545	0.0068	0.0079	0.0083
