142.57	0.00552654357910156249999999999999999913
142.58	0.0055270678710937499999999999999999995
142.59	0.0055275885009765624999999999999999996
142.6	0.00552810607910156249999999999999999985
142.61	0.00552861938476562500000000000000000017
142.62	0.00552912902832031250000000000000000022
142.63	0.00552963562011718749999999999999999967
142.71	0.00553354187011718750000000000000000035
142.72	0.00553401184082031250000000000000000013
142.73	0.00553447753906249999999999999999999922
142.74	0.00553493896484374999999999999999999988
142.75	0.0055353961181640625000000000000000006
142.76	0.00553584899902343750000000000000000063
142.77	0.00553629699707031250000000000000000031
142.78	0.00553674072265625000000000000000000005
142.79	0.00553717956542968749999999999999999943
142.8	0.00553761352539062499999999999999999996
142.81	0.00553804321289062500000000000000000056
142.82	0.00553846801757812500000000000000000004
142.83	0.00553888793945312499999999999999999917
142.84	0.0055393029785156250000000000000000002
142.85	0.00553971313476562500000000000000000011
142.86	0.00554011779785156249999999999999999925
142.87	0.00554051757812500000000000000000000029
142.88	0.00554091186523437499999999999999999905
142.89	0.00554130126953124999999999999999999895
142.9	0.00554168518066406249999999999999999958
142.91	0.00554206359863281249999999999999999943
142.92	0.00554243591308593749999999999999999959
142.93	0.00554280334472656249999999999999999939
142.94	0.0055431646728515624999999999999999995
142.95	0.00554351989746093749999999999999999991
142.96	0.00554386962890624999999999999999999879
142.97	0.00554421325683593749999999999999999948
142.98	0.00554455017089843750000000000000000006
142.99	0.00554488159179687499999999999999999986
143.0	0.00554520629882812499999999999999999954
143.01	0.00554552429199218750000000000000000061
143.02	0.00554583557128906250000000000000000007
143.03	0.00554614074707031250000000000000000058
143.04	0.0055464385986328124999999999999999998
143.05	0.00554672912597656249999999999999999999
143.06	0.00554701293945312499999999999999999857
143.07	0.00554728942871093749999999999999999961
143.08	0.00554755798339843750000000000000000045
143.09	0.00554781921386718750000000000000000076
143.1	0.00554807250976562500000000000000000011
