0.93273081499249937348567344676790469	0.66879256983182277256840706097529809
0.267591050421196510419554757333393951	0.310775037765851419681839244966300137
0.598839955320991278632138705756359896	0.138724455735453217076755417189469212
0.468735762583908634344930207625874478	0.99737107433518060459379462578270522
0.092841316250892586312190903259482532	0.189741915657698556478691170833208055
0.855160149199227491813738217503984085	0.093890130005099052869201747606131112
0.543341422342981141983583302839410107	0.939839553896288835337861998742562436
0.304382326581936430529929917927792154	0.97275266464883612839612431112465696
0.793277326858729064753885401255314557	0.867436285421272730977464995133377179
0.0716624991148081628523489661239666314	0.531158725741326955500608443820090683
0.806095627457834089127462357036089886	0.332569739158131430211988978907266641
0.751959329639760172550021762861084905	0.714346902294836197763074922893491957
0.324453543909300686710124655261409489	0.219752070903762047952194343325055243
0.485295215402039845904178011747038872	0.925529977116344153996652396204173204
0.0998750613464782607727709864252100569	0.648437668052945881823572193386526065
0.377064102302834951588412235268939233	0.362876411658798677208756775228614983
0.373166887054576046593140558427212792	0.721836066351551934668789872056113513
0.764565974763636446512354988381179846	0.0430299176648306439966170595819227399
0.794410776961492992504549771738518234	0.268275451245252348984929304585015091
0.639678686360766460328934052124860309	0.706751767442594285051439826321350781
0.921198226983711168162182610282096316	0.322128006712455378027908178332787175
0.750218951569611013603931475441998693	0.553301966806807494247212440849928952
0.283616633442375848494045889038364408	0.139522819755420133075508109952731478
0.297990020272595406708404502705582955	0.0784023496414012327613227228117179455
0.368544839982231152246417937899234059	0.480721818654967305088628931483319946
0.509832280387769204763660206589039945	0.191356718084938332062596303939689099
0.0295315334886567485340409774070125299	0.087253910598980617263018339429829342
0.467336514359220004670935999040414935	0.443893100795977975031174530172492173
0.9015629775878739866476100236003972	0.857154201335314409177999497447154185
0.241170806175760461968112855608045399	0.92024251351623148334789642726786013
0.693696668098673035962267347249676944	0.0272581945894406212742901913245444889
0.252142625267478015739047963518341462	0.712524609897769669628999910584788957
0.895261797278673994526102517645341711	0.616843919283948466214475689659049532
0.336944311972556018086594925813911837	0.981444955949011660339124020385489893
0.527096432607360286239419272883402231	0.866449587836671339652438687178258518
0.114683201218722186561020812678099385	0.732184068343115719704279858564084503
0.859325172162473259769919217032216764	0.474935481929771356708039382284192286
0.445128707674280324074139136654016399	0.97784643156724631822217351152762379
0.401693794635328294113590468406938935	0.43397669708261016665752499209547371
0.650139092063371324681721339226220448	0.768393128531254122369209434788831608
0.680694849742606613313295601447845276	0.214379363102206258883555410113988829
0.823958002817729846811187690789972533	0.410351672786257427600181825293403032
0.989209227097867582353191392988051863	0.0447230943760665480159098328762584041
0.0076353819575542446896128357333916121	0.733171473635341217545575236286363946
0.172082583475370108321739275838077001	0.908708900006571228525876355561841666
0.365430651829223193302609418367335972	0.124794624255030132650500567622309238
0.822368332835042437405418763241626901	0.864674141776813254191026927793727413
0.642974836912533125814084315770561632	0.650303977274141640216642991342109922
0.230068244615064586874919122856565531	0.891001910799723421420340984170069953
0.854201668832247672596540893866720429	0.372388631080540062251167274662211698
0.871613872632105789314362868684671639	0.803999588995591677631555541991565232
0.834583284504183570889004971080115236	0.349767234702441597117835813145543997
0.92867147607965107893000494055865278	0.740564724613054386381266654685068282
0.784024683235203582972774866825544201	0.071981836359695570386456251214476771
0.193676500286688533453808623818900639	0.936714132067119645351602569728841568
0.223103612685419126088785836576173831	0.511746342347841239280784712067216159
0.0166769700324147465566613296440117725	0.235465244537043750843347420280491121
0.0617639321418622009401760903892604926	0.493013719715170190143152833636602819
0.379768140013593699162308075794994977	0.400653996206639416554710194067064248
0.679980476394125009416232936756096201	0.00148531583850951794546988534260351781
0.624724484507512280566566512243477112	0.112498310696691808173630866396392994
0.389102666936640220865431483993245118	0.0952302690332307263808013590908518705
0.978496887651315536035573517632756682	0.577760258086136519987850308868441189
0.554125652294079810907451118610670697	0.0137723842014963477287132672970202554
0.408766909893702166797419389835654325	0.741006117000870448021465512707361379
0.299755451560608930062339287743458572	0.185580898667100341439922894791535814
0.675088568023640551857204848246355745	0.649930651554428171753312809990118959
0.741893896013452809174914248646767116	0.832809468015640439254432640858386665
0.906095929712941316027753154209229714	0.349327455134516325561527067504304474
0.432304033310007646079199966067295457	0.812275046618763758575828388425887748
0.668704756785917920585269953940495049	0.586023138594368279674764165654097378
0.631133267306776964021344719755570659	0.829329203112963632014092571179285102
0.23207456007436204365332691149327984	0.600748303735600734315614408837102408
0.528780325979471488409439824380910699	0.989859213922328067333281926392690038
0.448353869894972861640596553635066438	0.301836433778838946877065222738180843
0.0225387029534009469078694746535722622	0.0220669718418477503182639271294134097
0.0247075414709853829360260702107369695	0.488498386628187172562487141321811111
0.110601082866723969794179671158887834	0.889299876219459197890209234131642159
0.645499371134569020942580863880424129	0.133947735181369484677236397460199933
0.147223802579898968133537220609084096	0.831226218002590937646229181388685071
0.361792567771012498392012747907252083	0.181572653832292362094711188078612398
0.242464371767442528025756756748858455	0.350996633462055687880845893652004823
0.195481438339966277485759887373660751	0.237054724716089803079465348629739777
0.837758479750892335554596677581881526	0.573971212314296226418617866770813427
0.212634447022016686640441442858488541	0.911968732817804536142541832110442919
0.585388403218039770775736588525675076	0.564782204593997946356606353031950592
0.958569110760798821070675122613621373	0.764425268758214627179504586702258047
0.152566788043378535740017749745150711	0.237844406770637591088210930682555674
0.883734553612298292576437443867151399	0.682342211995584997520256356657876785
0.424323537597732479658129895485403632	0.956066010603553045215675138501409129
0.699041637101414444192471302145059166	0.0560799973934646277477597519285675312
0.494254654499339382147483500162801652	0.456054619661962620096084950630752932
0.365781607664939470050933715186469865	0.561635976124060902418517143851253434
0.0541097034807096247001222991495277622	0.461478188556551884343799250231732691
0.867522117199002477974651869201893381	0.749376454711747010177646992330421547
0.0498300898459764810168349004581211216	0.427468991699028020062618662630864777
0.894406098328618158028711192974832616	0.286563753646929933907689740357254685
0.046726890051635254966303228157112295	0.968228980611615109955019019556806256
0.137951415000042668356016044545160433	0.115146804064659284013338888121891405
0.480878773936647058473674227432175812	0.211757881708470796516438082866487694
0.394086357140043461060555882681089901	0.962059259148021112676566688462529514
0.152106745657952717132438114280366608	0.794140719493505664702878374511460867
0.284913653851600558097096442739310256	0.726433267957280083209284013937363466
0.377863866134923033151299710210158134	0.928560907079139036463044329295483933
0.351710026498545509422783856007190522	0.00900555999210840577332716624258428716
0.798081793638504869261083541640466732	0.838822724389120962289272857540770791
0.447654984734124772893712944833509268	0.0826603738139682440386531353932658569
0.805992158672118748711198806113078623	0.525598567472020259062080693027687089
0.598005754098238646387731012743674694	0.211835038180188478365885959048391171
0.556684222057001529164870579113829885	0.968699178244265936631393585740102324
0.598526334286827486173770520352247058	0.176186705864821884467715544310140228
0.448591536855458503477291091889029375	0.140504826971613566238286850581680749
0.90868969714142906279066418542691365	0.698996175379063093908768581921013237
0.905165808191989622114037789592121358	0.253103710773296816200033519138418505
0.887373130856878139643740185302586934	0.0759269695966547728474518288069644385
0.334312748261126023488689982891269863	0.715116239151100177945893143820071066
0.198202302927946336344988778754223233	0.193111626184191426351472735823751358
0.973810455579074844248922471447094367	0.341700731742077122302640461698823047
0.160568459565797894237224392995086572	0.73199098535582165295033680042879007
0.554161111477978583626366502006206117	0.704445340721114184610773256182719425
0.40964961152809275866984847749292592	0.934909242407316450389939779357392541
0.194472566743985337021033238627178252	0.543568365417350909732357859220848212
0.131253598449132501166845916801648957	0.49399009325206320910769038936484966
0.754931756543840756711360172868542766	0.745430174397304585724163361635848321
0.753303563862507154484656713456603617	0.0827556816369788925946975492572113905
0.196178018062623167334179138309528952	0.278947190504523406963574989316596586
0.0948227150642795789711702300836742585	0.91124275128626791860582066871228298
0.746308913963644088969985203806178105	0.900457811191410930236684052492828216
0.683772511832927933187193010183023352	0.276737600054036387020572834108556222
0.178764305867828105816532348080203261	0.961919564086632408196550497325106091
0.0797851884911074867946263663213785158	0.123554596897740737934899162146911312
0.311308088185970721464450153601602884	0.15917294842003005141167578627170661
0.623804985002477105114290163989339144	0.965460667544632111258029253428231724
0.223450228543417657063049996927229028	0.712312106046744197734944190972889725
0.0608551444702171221913164933711120125	0.0534812070762248861311395319173173173
0.449013373056269540598561987788548519	0.32882499965126170799343087685093737
0.704980409241707227761846024222931172	0.230568949991687125026336580685991098
0.771314096469537713443558877101469634	0.822960537551962974216010447214436337
0.25117019146066425011839483182164025	0.523699622328863308425020937380651018
0.593580630836099459256279763622469207	0.750211597643935265566881206547615227
0.267708413468139279590752843690652721	0.075094151294960599316163508676583979
0.671123217799364911350723232568897227	0.703498386015379116560713839441160311
0.656854552760743529924134281744868202	0.158905562119388190202649576028224216
0.850103168748076658451751167471374432	0.25153305264572795516550611415623536
0.856790125919885360381657380505534647	0.696282195944345432934946493065091738
0.745459779497222521390704117220129043	0.359754623075959470520107168856012935
0.097490488076023170787110000687526413	0.318917113243443565376666563384459329
0.701304433634604622570077859260160547	0.857673174753961512573864933996510172
0.961893231943647002907662912344493385	0.0418767170594081424943598136232781907
0.616353411320343583248864192982116893	0.641753153007441407588426209581044438
0.772843405180349572690917698527422705	0.340858675967229778546689410394197315
0.730515186414591336665374794458765	0.169069661882059167966122609544953311
0.972540681381640755799269757008869759	0.909025416659288142040088578987539022
0.952787720470260920787598586188335462	0.558082011746239206471422328194928594
0.356130936719829600372734849538060523	0.695917884221200147503284933648734294
0.024164377053149399287756850139913271	0.410352645317913928800607467713407243
0.178551043408646884914327777626075767	0.572685013582685814588315782953761853
0.374300294672575616251722257696646418	0.643174482906903392237697106948839483
0.895007327574857346932698763354649727	0.651293225149839121471051784082240226
0.684736856764788962234621226398500489	0.555750745764375136740414296832742598
0.372831834376239332580405864541081801	0.0322840196826958148672615084788297238
0.565367382383990623879736789571023179	0.539854472536297989800950981255409565
0.989078775099409652080002445954267377	0.81320195736400810868523679090447746
0.383134119918719483960509782112793589	0.777587631174401525243868464199510877
0.585870303933244117742329841509399507	0.887914122143748238961901346939193576
0.715042284466483454696917774061305195	0.532007892321354894979858163601748073
0.127665141912873322577548706061130386	0.669244924097301564030900606318947695
0.932855276333328107514289563431410162	0.451981798970240905068495572675789249
0.971986391257846064213632550845922352	0.372034011658855533926489882036575312
0.661206032506331260660612042573378408	0.0347513540128467337454464944432374075
0.0841451271250181918467082294804301841	0.556203675537353489527591411581441616
0.140754260960088567160259235620729104	0.0524857049664033034925973674090719949
0.293781975575110171950597376572103155	0.895018191072627060216243629750799218
0.854386291880857585148038028158803383	0.849499519845142272985210489217559934
0.323675632386359522119704839564959208	0.759778151554026399197044125521627293
0.197952971837345175212356767414572616	0.446511197300971534057159762082987704
0.202459866680891097844365861818472156	0.728225491274497957756193230276663191
0.525358832302472056171231365575882516	0.833180158486289281968734119619099113
0.519163643887358161860049494315946337	0.760116736077704732214618472682887104
0.0242319528773988944719286069167167896	0.8601078057376512683457393807179122
0.302604993087232392452315094505742126	0.433256365553425818390981547610659383
0.826279977289204926128329032943320025	0.836467804734802278675114189633418115
0.576055583094015579038339056421529692	0.122003525627453448910630786361371827
0.507425494007151282551764737643302578	0.611449252228933008267552582295471462
0.804166374531781837816133839690218513	0.563016463442202791267150301660185611
0.2100723911639530783987523360325212	0.482941355663295322858851088621242215
0.451917785966344136819983326665217082	0.0228743837647577589858064574194672703
0.920727341675925868017114073717466566	0.491268026145470719159388649571556459
0.344186006076141001315719394958674464	0.741588175577199346743924444607779601
0.17185571705949324811592527077212264	0.0255541803338060326863580114963282804
0.332787558928601110577041986482237386	0.57750792111971674695898842958788577
0.632214063214076068198438229766697589	0.547538675857345394685258491565751625
0.707818569692656140201029959941362607	0.460250147479585115135106525877782228
0.098699346418447235248649393661178447	0.068083190057838546473002881133492121
0.279346701932736601410041790336032599	0.657271121728248094968095166867181543
0.851526481996162157156467159187236373	0.403288854859224982031230189182870408
0.449117190724580164263596699931220051	0.747910641845973281846223772748320379
0.609797988616821291693467825574484693	0.419097895824057845907553682367385295
0.900099063426743064334198545623650017	0.144231993413477234906753316553991911
0.0763523146931063827761819776623059754	0.223311374890754627106952755482076851
0.990730171510658845346985774608001065	0.782240130127111127214533115817787922
0.387454987444103131946986203050242327	0.60635685185171599470290860470983994
0.202406037063763013966969026782571935	0.670390460722945814927845532040618484
0.405832951654141455630365073251563667	0.370260567841864639401777911806408174
0.781636309022292766278575136583682665	0.982087369384581308585901234914194795
0.301693569962755158410978891005888648	0.669558064798249813728338607627995549
0.935813770736324102930194445520112406	0.5275994727703188759201305824333702
0.61972844037283484832859249704615003	0.316083813619489990746539893916834617
0.427353421097324569685478167365019789	0.585172160028533162708265207923657787
0.640123830076993844328080341084142578	0.475969166978201677604045074093127848
0.940747108436013080885384438992018271	0.356297295656950893957672991217726427
0.842068386478030481147004599454983727	0.611579242757560141177468319507155932
0.592042156848380263425191899823121286	0.102462470070046400986790407115361134
0.809955706464299948552381014022357218	0.970413077784337652155571277332053519
0.967105239507286517010048069425661694	0.658462485685288852076332116593492867
0.876134450348841053065645257477205704	0.875671534604863416861267701001286757
0.376291631843615782007263095088416542	0.245150405478027523563503517253990872
0.080295901499915583249894580591182607	0.589569464425258636853673846196702675
0.621871530775900898951520727701420861	0.343310908684089109535335835166067714
0.843251951334712321461808693456957088	0.317428193280395124983481663279928015
0.960796014954951877268462848250531685	0.878766942832514802065730628601284941
0.717663642002418518868769720111977179	0.728210312492467793744107969060175086
0.55056432130815242061118856249587172	0.779434651663387096552437692804260254
0.396040514800972889387622349501502703	0.339424015693608145655418414028841855
0.842062666662066564282360274743757363	0.724775200659610636674777548947402069
0.725519783202417709883677977049109215	0.762176390702274921699339622840075664
0.539979052833160385541219965752672681	0.148933297809607592961694647686331721
0.799949511819265650616601701025777126	0.361443096165064122502920262178651623
0.869855946824355012403496705878480402	0.970479345443791469794780018278337676
0.877063161194294112035708159930624209	0.938153558706953735110626234315704194
0.135666202018238552493109840489155069	0.412637575578373995049313720204864
0.962290829108799969093914807270253951	0.793124489656719107248825249177552649
0.0941582371811827640959883353789557883	0.75814542744294366179481082555072641
0.481547814159963693859714190645277083	0.420174012497336879703701888241863707
0.061717856347244543026959149637248469	0.753327949754871622362552056465414099
0.631040722624502322023633559317124976	0.194249670911506981920541433326749098
0.472210329779915062589995296255680564	0.481062261175964360615386905910826835
0.994740980619914381560475008120361399	0.00970475425045562144727087837222901282
0.733195463582475175044847809333315587	0.0219457546962351668199860033695477401
0.532282397576977707277797672589120046	0.549293848194197311847408867261305514
0.666164419692574802960837821585694353	0.358672469066920757694433530343113805
0.898269748399967466368576181766402903	0.558313491761224554840984190680532267
0.211502951961751540789688881752045995	0.0312473458758685787115078783794225732
0.0870150780230534645341739182775553715	0.377075722873135262406663414124134847
0.495890070592081118869060610349733004	0.981749332779939729609296359088134049
0.999241132306464295423829987671555848	0.972279085688143471462475699516523125
0.455972484308698890644809819950296915	0.656610234170507325773712527964744554
0.125293863115918527500941247254775291	0.267477136222380225847186651011709275
0.674950842592731393145733390862489304	0.919980626243764186007993588725078242
0.42098433645689261708717591724939816	0.0724748097839741282628730572403864796
0.458084879681629285722524323769072599	0.272660660761299462289737723615324325
0.642428706529531690801323424513965625	0.590579639629946280206609889931726597
0.340345123344048190802561938358975856	0.469405919399232015373961467982813825
0.680019073232898326194492386926374225	0.683186699043551896307224420341101855
0.613406542446939055476054070057111018	0.367956433197854225903147599554169843
0.738384907404939173667336093047219579	0.796958373984721847299429710444568039
0.569406233771682696872503435557327766	0.916372715576787117978512977377158873
0.418220578735541994516979427417277635	0.269363820962570685547520379153335169
0.425108039570522992751469164481893495	0.166605396577639922949375920186344282
0.627112097643576698006492144260136142	0.159565644745084237657600847663693418
0.771154256595289746955549615359294613	0.196046539019743531652104744771633276
0.341951194977907625556782670140644032	0.637858747673971132702682819878423404
0.100879761379178310386223100805387586	0.216946555596892509943813508846984507
0.881746234635929431872430232305348383	0.716717643256164172433059623077277133
0.967192374040679856085764493509911424	0.942248181887270927031853169910913116
0.591938932404522382051079047324544548	0.0280361859489386841008755055959590196
0.474570217032644115528185890909443913	0.0381070310555763265798318964854161874
0.937637669591950234449413886547842149	0.710232440943325040793904065948963217
0.873528137771238827788088904930967534	0.522514747800719614383789082599774078
0.701951931178241708918003450991633399	0.308814444351727061994931964587221753
0.81660199312960696463215527075228293	0.944534196605987743748102332911029727
0.799442795873705974949026769766025012	0.235398250237948383035023590168335804
0.342109961102464656023796843706356031	0.921681227152842540286065561453277884
0.139313085257749959033520545415761051	0.983106969160042567225983905694848039
0.292873132686318006351094678742204012	0.320114207698155866968900585152622694
0.4679018080586472279571413460480554	0.806692270397356299884745944805127708
0.548056517036466824912260344998456141	0.308555855814948534440979539533409936
0.384106025554491963852130022056808444	0.696383019304500394630881309189685222
0.0687732873975275025415535901933047551	0.776307126410447239214086907923756083
0.468595858808588455586476773255150951	0.72009014024543864742581824888774339
0.683634645065318445055535645808151305	0.339709119980516258082790886174877499
0.317312964821168380932528759784663285	0.273765816580373104972960392415709326
0.464372364427199724347497315085825554	0.358230278049667811145237430509020715
0.594618431874978943042419962433269137	0.33451926856405544318036113347200069
0.210200257500425518103341127729564094	0.758750526848690599819324297974896007
0.575710873048827084741106886259156052	0.483219330841483644702129693075748061
0.543127705014024019072347296862220135	0.909465625342062161686977062771106006
0.168265589704734851609878712302704009	0.941777286305069582766906711853704033
0.105066251259509438857798172023409515	0.409580761267404604791591413720755546
0.648623942490346873679601212029070697	0.942464750602828569092587919513599443
0.76752487264138161159601161592900457	0.162733552433251891045997837680193821
0.621603321441294862935800787234171315	0.761892688229637572504399183960079424
0.0279105443856911158600050718001718328	0.613225199035130828325845391295151799
0.470502881287321891402952937740914163	0.634005266740592334958466184707876346
0.598103289150757947982135796576259655	0.664674536544584014548902274784210101
0.211391388483356180519403917883079493	0.403709656933202914434917703434066169
0.536547475339886019399261790012836612	0.123048162910930123184215058208489215
0.305985762530942107393597079127530199	0.64308205632470904787579181864943837
0.0301670851471136619881643685109788092	0.152285658570462316340090966140974137
0.309445798276765583621822742357077004	0.782272192072287288486880232450878841
0.218008700119464702853484293099185785	0.334808466260864139204416475271972468
0.239986075519520278965049783665741609	0.980031473633966450739604985921213236
0.48150573634915036851677345436825264	0.392665526043598048477519372353679192
0.908587463387014689454860371584605332	0.439008649612965095876974918195648141
0.667493081503712758154900349694336181	0.189107056220585922223789839853885111
0.717092761791959215066212399808451146	0.568524085134370222527031026899049284
0.801516441604009234510316791898853175	0.490145835020660140814950259945483106
0.113879805578601343018719765505432418	0.575258807089548263768270278854305247
0.277841097661757290534463723099716783	0.101883321798208332076430959416759826
0.488550812239427702292872167743451326	0.837108372923505131344735852005705911
0.502297869018216239137985958861443416	0.862410534025835957313218388548522678
0.911039791365000402934132703239835972	0.0587154612905652217502251353433777595
0.655133122330584797886290186497059615	0.218863672721946589844835120932208615
0.193939203240402220623375313293758516	0.326519287117599118061659295467197243
0.00461259035492059621923949250366392056	0.932923328519458606993657311800256772
0.268584887629870060421558823265497309	0.0119932912954860135050183217708400765
0.615934500643590418307798618086319501	0.573082024656704778885612653965885567
0.210204533120805820795668200442368491	0.849880908249630105705866341045844776
0.696564888029619657518737646981977077	0.704397340950316434053953650755820916
0.741737688515703175714539964209732381	0.321949347710637538208582237676785594
0.0749682762784497681432266940048681826	0.725073015601227454743404526746038188
0.164323331901300381514026335688809512	0.136799050237656305944878801848465884
0.125254080555865693888178812776464384	0.329885045595257999022960467988345008
0.879029008831103260201837735790121246	0.426406786103878322540435290314480314
0.768102445917460045427288742550371539	0.853589827223216275569883734734151544
0.753366721571887438907437807128279515	0.688715639556548983067832515163118008
0.60858425176305953107751442319996544	0.927367321166502565595348611159621384
0.352876858505786517089032873042256269	0.507212928124433440479781859298982854
0.224809055846883496136415976639420069	0.269643406726821642225488668341090646
0.123348478417746724151100959352291041	0.442172325573992410173475546660408771
0.437975501611551823935455453149204408	0.717373064179732770057935225129227869
0.510812579140805397544182478525572934	0.304242522190581076836091681377480378
0.980588626906153535626731507984369753	0.179678183553449518007377994495813773
0.67761162942427842965518445593347027	0.481831832370947466742877825621022979
0.532664919352609253767321872047757154	0.517591862314595487199578185078708955
0.554850197999456222506683575489045205	0.454952648375016179652976075733900534
0.122839795825903921365134068416823698	0.233372123229027740991876196089458908
0.32113385354197766752285293309794824	0.663159615689106932847542794782023726
0.0745040442824569297242936862948513703	0.0925494450637909293234349192453398118
0.108054240760654617563336316173435542	0.0350875487685171294790306727981654843
0.999024390076029640866441969855517446	0.0703020299083343588207502490335895367
0.543282248644711877492330258830028415	0.249090266506966511962125680210689821
0.234719396374791892049093527424064212	0.45650388145686263006743764265767706
0.70843986323763508599614476556020473	0.00294918018193271801499650707787241113
0.485414868983860303098293561418450563	0.955999993779132899262709578825294791
0.764329523691686522095003529696706639	0.774893574136442556774640163578111191
0.721814468050765100483311563315308363	0.920402671796991013436314199320124357
0.0429186624538022216521372125717018811	0.64570635951863290106492828820549909
0.0476242689760448967661264975783124565	0.0150748807796494719035423340244620284
0.610976029878212099988038532332497717	0.278970978216830769761570141506702972
0.958038978320332056198157864433259883	0.423460550100776430625226098416708693
0.588058851430099723403524413113358097	0.63094934785021319722134726125446564
0.282478931811812643918071968152003634	0.537474513036848576128252244601336434
0.0527122198849217546410815894052536855	0.55066285832247168980384217309730527
0.0929776763924885499011750664403702611	0.269047236313028541341172078409330355
0.141617552758776050107797749260709048	0.210676396546263221144007152114118445
0.0474854205085328156835743131527456723	0.221690425801979246720414565030317042
0.0604841380274651191316779809659504607	0.907531748295000467119736431670291358
0.655835330297825648638159098139091458	0.676092010429991806444076073960758537
0.323250042622226578714564279367657742	0.495533291503425788125599648570929476
0.591148508155959204738654914802958766	0.786963591619487098116980704362928267
0.241657649847817100152517852069706947	0.83190606127628947035748445496604818
0.18572792247607777095086342592192609	0.108143529620045512769246674297696178
0.51876943067390313340913629971017335	0.695591896099200871960091991864837211
0.698362978042968943519543590029082849	0.425172707824483475613281361757167855
0.239461131720029615186255880994121385	0.239234358312760834143998551328651144
0.364348499242898016960116212765925209	0.337274883067325263589886690093297622
0.559015579674393969466718976251308965	0.104547517707870755597591065729222261
0.342904500278058316189897570413048552	0.263193700889884802523461353401698927
0.934525316496497683216444817072032857	0.810466013198129971017880146373102574
0.699936289038485327078022934322260247	0.898004255084551230002146414089623772
0.3918691094944411909650036363138479	0.500935335144308738390362029034369168
0.303121374994380112953038525424791011	0.836834941849746725289751088185871918
0.326520937139719398529286996347964952	0.848875007631805983412397118281579241
0.117723905475072865544964169272827846	0.926539932478417144912633450990714538
0.483623327957008059311502639394495561	0.512811283820567076505974064580986198
0.0476063193024386193755386683594557921	0.382815362115825399435492714962181716
0.0945843195746923675160421833594060917	0.961617979925226495193691328556517607
0.934752217442180215155100028606305584	0.284980379261144313239330045770299885
0.958053301982423265449910859082271324	0.73652804813265402528102105684427112
0.301478355011378944697964580732399057	0.115146157421654002271956630795322332
0.406056858202396822794684356264837832	0.794137932664521472573473221655617798
0.523063241518722528904547964175733259	0.454180902441043090079518835985866067
0.483092316147982970774355020055213359	0.751145067097042361605058828012494279
0.508524580562996328593896650551047355	0.123118992766054554687878702289642866
0.0253335014380431252284092987704147934	0.67368450826346721904116684443594452
0.69379702957332766091891239136556107	0.58512879427858494540049304890737408
0.963773342835646600680289208743264445	0.15607436690034290033112246123118506
0.230609121424225244052149272888041219	0.864472421801007813478662686952645586
0.760949512457013589275595566151473992	0.418087174007875843858709395526172055
0.319739633567504794753335910029045305	0.90349753684229437196108173961327951
0.314854002486395131967076994256694258	0.010569548664849440854405209211766299
0.637086971347261982095467772518474818	0.246226568742181824995370834479058134
0.192016506748501268487164820274515355	0.982528786093343281976942422639009523
0.425583468433023622389574626866937984	0.846421546871460375325190553343912342
0.858104817542339231639536027996152987	0.450101642782946604409667296340371764
0.27274590532778397441865711301962961	0.242069130213932752351710960619342394
0.907609431456687426989574040263063851	0.920366148823223317263268459174489601
0.681642737515809071001206507797406642	0.613888539340149657528623096855070893
0.00526474731940118197907104913794103706	0.88988159255638917133996855209944344
0.340074279463630823487870496095544756	0.0403882273991507583657227870674628409
0.829156499735849596946843205521851943	0.190598767107104616579516111512239917
0.395284034848783689626272974129458753	0.0533596551111300368673189283324690925
0.450929330868608464030756861137109521	0.236763343969774918696949057824798456
0.855585362537987964246525509492806103	0.665352565548543789903414940365965965
0.765465823906544908813615887831101941	0.61322741837912812145871557824485538
0.65104305715906786071068170733341631	0.330395904176283031672254756600625469
0.65367709962595170890357249976808731	0.00526809693976345250745286159296045607
0.423926819995119781736289763036259547	0.881536992216636694801488548364473702
0.0440429655148212064842012109887775067	0.773245391265393953971534670728686321
0.258050693589847469408437287211852455	0.209562674260713126971306915210256279
0.135965962902840719694687621485264583	0.183570605135624997246913508900873008
0.101921594579586726513783200044461524	0.347905698135919576471487980234247489
0.0467585079031233220901523734087204675	0.519818701405512436268323967035174786
0.927344655844303945195559143441557944	0.554597367560837166753197945942614327
0.778356947570984604274861837795542878	0.30576068319663948754353753849265225
0.0528635308703310173873342548610804856	0.114410425724391780909338487099417021
0.41817211688542511208744673380881833	0.979923480186021748038591454048351037
0.0837375448106449351189249691374188806	0.157105030829337551305734967284787876
0.927724959899000663816860615332281989	0.12188578298556552463006020779318885
0.274035630124687486567811879825905101	0.598205229295984266330289452469362171
0.273893931082709290694183940620569945	0.045241058253755970870046021089679407
0.342091125945510228938850558820008607	0.159164131868841688633187648012763502
0.354633817831186847896716325975519478	0.212166971919290701655400374112562661
0.538897288540765872231044001746047408	0.211395869749851691274594191841189723
0.478768464997809143371807972621485706	0.66369012237197450287317181557329316
0.282321859158216595679016943328922715	0.628307534885499738164932497896843297
0.901087397452759392464717703524435008	0.52248589482293830334476262077509171
0.474913445513203736094474002898207911	0.31503791529929800639909311410478971
0.807708589933305207756755820441610214	0.899373145188475480291436184367943885
0.985946031288900919910959965148655115	0.404200400927280022189640022960752357
0.397020016821131805947622946327790324	0.825448290115936874801451342571025519
0.481698741981060805289043032812169067	0.138052546914420320681837760369379153
0.163017860954368095315533410069021725	0.269811204549971504617272279354470775
0.757855683317739131252538014607396754	0.393000948471278397518057196519110713
0.653744903295568416139346562564242099	0.564045307407172468378349255739553257
0.330011191572112033566409023817878513	0.128502936485495397491779417126251685
0.354088240751502949390181666239713132	0.613156992366099298881981365006793445
0.709715745289654956212752133564065824	0.263005553997529611422063538172135236
0.485167266475144744492446719636249894	0.691585583330202355857821611448166201
0.757035028267164790654990887390006029	0.274370194118741533424909331793553525
0.905553395534762797343309552533654407	0.811885527357450898744380004091531766
0.223323308635074853718216159426144216	0.540543811299701760051793865622523291
0.553413582362501187098458718526893783	0.0765899066351266765953528026771792423
0.0206266370062736992716420367958454609	0.0487148257021660843245223249059019517
0.0790783756180030863793965552718152492	0.0193218728940811309038169964186839155
0.860313860661591475951205580958930266	0.002852671916272196823567254775462371
0.14583618270062481623493157998379788	0.57326466506232824447130102408289249
0.774630004768829398548098999501798538	0.698059841922117389755656276508855014
0.270162643394252956016772045448933087	0.338863264900435809015157324795013135
0.630445543540587987229635323312746868	0.0186028411081498444487790145350061679
0.466034822907763735536459158205900498	0.601362281370427270675857490764263809
0.126172307965200095235440305739883648	0.609207067565601707870922198515538543
0.558523358713217328880328713996080458	0.510227752397115378656762431796198386
0.635391591437767128251901108320851231	0.519761015898453673006858282770679119
0.715248362815538173759076914225421323	0.596986045592616663963168430731194056
0.829332214273230957350306239982050622	0.684681333901880373201744027117251174
0.0895688197076005909167660707369403167	0.672228220474837755144753597986208944
0.778896387041726636487769011117050642	0.438455650038875952895797627839598783
0.836276493673497326684215741017394006	0.759656308016452476090191150686850372
0.215972846421019711400409827742664814	0.0898697778127798867040318307336919526
0.614739329462260805614930334596360854	0.732007588393542286027584626120819581
0.168209052253923855877828711493164995	0.992393802284905066961218607839071752
0.252180690428741672721904610301598938	0.637613555209271321808723654075070452
0.327218999735690025760269658574909039	0.0697272473053370596313019284401602861
0.303079766641626437157041641036438257	0.589980422522741822267514026932741315
0.995449314703719750007247164368113938	0.143415514957236804333602938506211103
0.472168058651398158762673965160394717	0.0734186019538681047243659828377627306
0.225749230281820328302732336572131442	0.426596033561114974328949049196495867
0.176207338201502485020818617095382759	0.715284368042491375926499987057411017
0.938998091763902180863990957377240883	0.058923835081065115800709431501912384
0.111240370902976577142144017774116459	0.542449538830169727697234569082530521
0.568324634409779532686151125409983295	0.193223389944731329945681088628227049
0.200040445419682543776168890063788967	0.87965841559147851888045071853228048
0.506539254253898095063188087560279237	0.4793829577295981229736252195585716
0.741186576031880761023811025707761732	0.482248082471004450433588315664260968
0.679033511652286414927405500686507685	0.736358051710683069261552396634923145
0.193413620771796150353658635198052427	0.00489353760581492057987197272107005381
0.789733911111212205085154437101590245	0.759178974105505734995216276897041541
0.582494964130514850703273337256101194	0.0690663277542790540678394290412074918
0.27567775038597876791277754547334147	0.830656201190990695612754542782397744
0.268303819044573976881300008178939159	0.865852374817030864763488825099415941
0.3644963857945240047022164851830823	0.281528229420640860397945826051990436
0.104943932171061403096763018333274497	0.289977739273287311412865679083169773
0.568355353820217368545399981784269496	0.224988265965266795553884618103414735
0.503406151170196406235804057252339515	0.892745280507073214054812375657005467
0.216341180111244401487849061754950071	0.640322654804643325615984655863744017
0.841955377490907474473755998199639893	0.50653218483587149844159289734631659
0.192792430910113998127056386162553178	0.513235834493448699904656361217351943
0.604565154461618573092456192827605858	0.454636134251910552046256377300708805
0.221264698370110955783204154155733062	0.936874896858151245279776237987964784
0.496174452740573003953207097534432929	0.808825656748216539389399813790582866
0.0741029601575822680599632603615972351	0.407386245073055829727837936147225197
0.960891804151591457111392280431261056	0.128563231090081941431590258639959924
0.990181782509697971048864023972499369	0.678202643801467784664353617027189247
0.0477274720729417173475554389207968213	0.287865506319663342980417475289492225
0.94938634995241460196428986882929206	0.324880978608095408445684991146783923
0.984941245674131084131221208878573564	0.752539309780112862256481163472800208
0.924720336016072628217756443470166319	0.576051723010327325716091232852257957
0.32484006920785400814862558526269559	0.94798187663730449269631082571650853
0.623547932817295232593597383755534085	0.39407102827336449469751281869051527
0.389145460149257159972090984328680107	0.573022247994985171854004182220224557
0.288593041038743577248564745753602165	0.99524063068137323749223651230281347
0.751904941743136712135331323615913579	0.932069970714529706751965119239943604
0.0686913313849467362775102615161560203	0.987228481485422490378546511935727811
0.986244290905768572863603096827204415	0.852300937385036768305158947512728165
0.786034630622879347631352452546382662	0.641142019815901758003341550924784372
0.961437473638081884655585555615564214	0.613125036855902100945676407662609647
0.755092908558879776053290021686635307	0.961834728471748636094536652852135784
0.164088814772331680165731120749727588	0.538699325051361404309906699285463138
0.422171497677141549430603147011343682	0.316751050345609076307445171853320615
0.752206093139482894746249434315308256	0.644848613700753842583510059490861704
0.109431743677097925560706520678392973	0.166301386552018381792208012937305175
0.606591359208085483097949479021542408	0.991400403250005981272524590986790637
0.592404903911270105132753620336405325	0.964521941692123526074311493105543241
0.697089927614165811707825947517549934	0.971448682968259964096572594718745608
0.862821900527585222843298274056555608	0.0371305603125240321884524914909760973
0.431076046776046533681340549727850603	0.0029680318672549909687642307278600642
0.366428097565261503865259156880769429	0.444123298917926091020858353216178728
0.815749378188111746814441086034439287	0.810545942096691242877412052025055196
0.308826145800743139132391284558948611	0.709066090586203538366171235170964988
0.176943131043345534322199979511546637	0.649001572034079924143132343624275398
0.0149133850536350569722118210322421722	0.704190877522358404905452902303229542
0.137255115048563895345228338117192871	0.90323125535904665788266337466284333
0.0256309702037237756798117253955105215	0.960372125448534526212356639300223995
0.657950329622488470307844922436935239	0.504335803268072438162703917988862312
0.920338863785460421481447909162155279	0.0868969746024387936323704596853227747
0.673566697114048358817712423365560024	0.447860127589771786552086766425901329
0.782942995619956595040747042520665528	0.944924543562683326349489251949136258
0.707654953869436251514629635058702363	0.496098336749202772118806193080451801
0.642848964051601832541443245948690415	0.741152064877097286677376264285396199
0.189596185958642009890645130171981286	0.78680780421283067468886125926937863
0.556911299850319257497387050778524786	0.0437680412481328712491750026599114952
0.882998286215424673040864276798341819	0.833939057880722973864973618706488345
0.790749605538210331054699956462522546	0.404011959877772755483137012505278966
0.905639428706942105910322576947156471	0.407403209922581396252487780105578133
0.342437281714119904619748110283258647	0.238681488924432299748064896941568343
0.914729274070775779781438053940911526	0.189708429010622780188942490665826246
0.214606670486452298005380865495418745	0.993339689008944170141817183941794352
0.284320269967643721471559185663704522	0.497973412394320414680558380785951789
0.546582691541371094267776922246876488	0.671600996641382379833090631107637206
0.633927759280907921602098912474642871	0.991692379940213974319614572634404515
0.982378514095375510587559365135389509	0.714672833226021017457715470646803576
0.690551672900378499006789260454605407	0.36676293931967313773584111263279843
0.908686102795006970124533197586411773	3.57115999752664028352240197168731107e-05
0.786305184645959202518487963509446614	0.796596027306966331582664759426903501
0.0317443067656184315802224535374672326	0.909790513158646037705006490073474848
0.726342171872092897086519499805666797	0.653901981980906621979148986854393517
0.452077815547666661278281406572091742	0.393473451495848011702169822103632775
0.738779006406189309695444240223125343	0.863772359807918869926068088364391342
0.357109120498101171048426918649655517	0.309077337093433295671553637697480763
0.731983182177917183364060911472619114	0.619146480373278864608293369765352245
0.950436110685947826169453274331106975	0.474736921997174550460724268864422541
0.263776645100523056157185873711382082	0.80683593457287194780378175427841042
0.0280852754185185741995995956657715719	0.989068129804492583256597282016433741
0.905935894636960611971902056965136634	0.952655841515874784436351466854542799
0.160630208842214393639344631640670896	0.501358224252154499832479442421054838
0.82175020437026328312078774012405442	0.37997939198788422385821280143560746
0.626864830168065670550615312645212248	0.674052483865683127972866695254619121
0.641108260840150796872713484554149314	0.363192728141091701523736087458238089
0.860213276686519766468693808426425112	0.130120148184910894872677609274307464
0.930170390572990216827929714669622684	0.869304292145797201713032370672409273
0.268325868294712319419946977417075793	0.462422217982917700001984220037901824
0.904388006999593840961360655316368127	0.589759227821261825743883212807341358
0.252847176243648213754732353315271382	0.56126976083394109219785169103407044
0.185223410220015543831579055239949126	0.414180913038079015308822900128656289
0.672830056010353374677162065228135323	0.246200260321982669997279109210250896
0.175662249663978810119062049232950048	0.473242180297297408353143903027181953
0.0749631221908130910447314161301434567	0.695022886437273541611342641542126761
0.952483681693983320070598880018330475	0.0978137930109806371366863554248303373
0.726153376781816702571698404209360018	0.695334281343887574762476295572187853
0.812771455116845690733183915364152512	0.622682798111706995556313872941646709
0.887205585281532287612335133084905236	0.320541985315956618703159796916465848
0.946649553791788298129589771128829623	0.632700952505865395895656115433218439
0.0536958391539042437647675938858599542	0.182029584377267692314967500523232961
0.465676816671154773509840084848616292	0.570459243813888874060650792632555526
0.516050246750030618874810166600819808	0.400967688491607991988193285692553638
0.484763779572915672498638382305164587	0.254601617312911502452122994586266716
0.882361784969165916448179962989793202	0.461251487567922446149076129564454263
0.468475404769687043209676749654202735	0.971475023953861177965599320707445665
0.583441333840699856774566386171353818	0.721506800999294549746817859990979998
0.200124114924170994713704882539049799	0.152233447902057930208595618571017151
0.35438203482359964552332438003009732	0.954807862080821163981695222886608612
0.513562044346624101372151762773511338	0.266481866797418065860556856209186669
0.706201342425117214363406207658270836	0.637333277490760905806419639504850449
0.399539186988240773956660190188198208	0.137308739253598433220354359522078332
0.531882455901431366654746337861009255	0.341167956682554034469769694960962342
0.398061419170984703119173318440250667	0.466705635946626249647351282028347303
0.00674433846105002675279186509708288598	0.644163659139377768249568159961862623
0.809359599195066980588403205741447819	0.00477897605671448975623938460016053133
0.475215286556731397323519198171745815	0.540432555943712327586198059075825892
0.232302522464885062188108350700100728	0.182157107716968549815782983715895913
0.780982879057752766861265696487613119	0.0152413323922513745126431467241609149
0.156571611133115622393352621536420902	0.0842969162722685454661892783263239977
0.0746418126118191333339756118410650732	0.646297258532405486844020069764527138
0.571866537283957893984983479965383171	0.654905233127512656498224630514216847
0.0792803979748596146367673764931778221	0.295077970161825747391135973914005743
0.104474947188084796690801013437198157	0.105427956775054934246537178615823849
0.946819853256201836457573939183497042	0.968543684934169816440082571181777556
0.810602941173793490756004081568705937	0.434324252654126695369339476843141204
0.783400330865606971462739862367972871	0.727001166822764769589916802344614887
0.659664063549684697104175293014512692	0.976090747159103577937778909313867138
0.705483695823432423763463151937427707	0.392897324119292384814734358651934671
0.836189085957806444489074173053679272	0.0220404183999511043755951302961597564
0.235762439289108110600620724582374171	0.0634252403926245381932726720235437265
0.869971481090000813580630027215870303	0.27012051937026590036099316052572235
0.740495868385449418460821632348421305	0.670769782491642074972488522952312188
0.86062557649047105141936705116585729	0.54957077183554368894222591058910535
0.603172861036937845229416607437378806	0.537965214252410251631447315141385507
0.0772824457894987108689362280945248852	0.933676296306505694793423013843818571
0.451407024419109164474773766537205803	0.514701371564867149376726677960118449
0.160808334998732133375008619649944063	0.402010784758965492538234745751360679
0.537948465446682455771845943712920127	0.485179349449444592864104807637943519
0.403972442877617895983848363704986847	0.907935386283433910826049349874564686
0.137220157893067772501282776349302652	0.0162954489322762196787102525916815379
0.812307681643980722958257074917108311	0.779029024001976539162190321424007076
0.540471155610436479011514674854632508	0.426309268062194914659245726677027539
0.886621116597436360876184456664814896	0.0183017833612845253750282948819068052
0.989034577579209567996102482816863022	0.101627554289150802532311331234284566
0.368924898102519184099747602397204903	0.153222311717107200196783380893794524
0.972174906285804654952176818675729618	0.984909410983895491337440290195587042
0.676764083427882029539735082477036473	0.132246259045345397536574908141912896
0.182092571222222711316803813230677771	0.303915012886557534126845858254967389
0.116822263297463892039082101858375967	0.781118375013987923012081630561284603
0.776274550872800478951162409850805675	0.371159588501961644008486083345216348
0.245134440632010377140982344766738284	0.489911568812756386792707446485948208
0.253413628107971029893110064698684776	0.265308766519226020407484436759853802
0.430352650402615153476139300455673187	0.656251400255574708119108833648438968
0.0707056516731326120684387797168066164	0.85958430197185974635435997138816401
0.505221168854078999023369089838699278	0.531459842209258754217874853359376201
0.0135136879105647763363397375489376652	0.177132782426533228194088314263483742
0.772613768326935053067216356473904411	0.581231022924363988141961549695363357
0.438512229082899334998429980415664514	0.625669463451014310136947746681100446
0.846547478845571781553507603554187362	0.160141551811854172804686546041435317
0.575815787294752285354614237943577695	0.683739624719067959056844952233783651
0.996967199495875101072562132257330279	0.550176791486706679233383689160401331
0.937065446375897415961153201409227054	0.902415788699279962717799030812023595
0.137550053762190188703961119252319785	0.387603397382932084549759418096905947
0.411577270675473525421499429793321958	0.190525725288561374661527609416426525
0.463816308868040212693078200938287705	0.89684965130127532511044806265495858
0.909783381253378240176304865166964671	0.723518810336311148857286982679005827
0.368302135537701878791536897592110998	0.983064615053819572082933413771171497
0.283569926984353511618205211361033988	0.281084325227786850103564226612565271
0.037130857120319703274659763739464994	0.318514130090747387542217932488413439
0.66696123847869674004147985576325402	0.300161248119497025454950319771402732
0.0021244350897410174914361682821620142	0.263324551257711040930232077697908147
0.639596151043566580166360183846207892	0.862046468218853174409241375894743454
0.180396007677331076008704457941166794	0.847507368222346718665526109654873314
0.844459750199388303480152050949564449	0.819443968437757375028485640001882593
0.342497807332119774305125356088857359	0.413662771562947491175173798303906627
0.118055026940733833626645104487301624	0.200494262442002648332606831681769912
0.535994854188849656807178371136185411	0.280072237750211423318319080741711775
0.103944478421036077106407514217750037	0.702639969986995432754936970029751726
0.383171166359459106945455204458336476	0.202774448371580738513805417678878743
0.659306287043375073199021233059774273	0.813344234955105385420775566585528635
0.134578171886102847595244846809217049	0.522912176357744825478209494816644043
0.859786384001961648420563028422410705	0.224985117004179590535321168693038516
0.511746572774780440815373071293670223	0.657503210391388634311839920647221803
0.0169429219507510881518579295637533595	0.83038051045684504535814639190706078
0.336685253838273650688849023802317025	0.879462550098198929701934419829492799
0.843513796289583810636343264884563986	0.954697654216602817801302612771001324
0.482974527314964602234465118797564292	0.283333324879266023038562581661900175
0.202478464468178440975856175834786705	0.0654494116908467932385810000692464693
0.534835963307409126356531521246638142	0.374387305586918827369679110113245044
0.68321204942776293186065171147227711	0.825129976208444377314176053109346569
0.0615432096516879023755183228702885452	0.618567337895620430781909586653516352
0.115787171272546897769514241454708737	0.836667273198818346845638562499087664
0.797247880649459804371890981276545087	0.177147943632300917275612734240568281
0.539967793257337768283118453961069869	0.177477776907396089170191488161923051
0.094043722268328476856661180096408222	0.621172323076087016613642511347050814
0.663249636853413749945736701711572057	0.396442648202038196585240028037303568
0.421414466191878340339904228427023923	0.0336913697926307669696688660588072647
0.41274074181021740089615365646920131	0.220435892519419035852913753143532565
0.70222573543032503564658045409386687	0.194775591264688559243698386093263746
0.836239587175240043796715541473090636	0.64112228844601313981515608298473565
0.648191619870312100213926559301210693	0.620661397592330802546466438082134589
0.139916800260299731657470411060573111	0.756093991658013497510659090019987595
0.548431785358731487354315657342130479	0.599703046768795448023346653638057203
0.0138943977271077442042602315378665604	0.385932873487499688052699473423918111
0.329187216053296224615881483125295644	0.187614267527247217908889552945938819
0.568111251441801957472722833372603725	0.159329314399244439084918119897909156
0.0633596838824769862658624216180993444	0.25405232224034241794736309502818272
0.883570120643508237501086660914292179	0.993804192391899836707922773722091645
0.196804012855424787911289303057527655	0.698555647210826308118710658391538577
0.866490794813725864201468275020965999	0.63330520289144813902880195876643813
0.688822669798449090831836655251194177	0.164129416706027905401943036842500794
0.798060227322858444747988012116189515	0.458562088051635317260723166999580861
0.970311358343859213946018111845276958	0.53101409056592366805607777328001812
0.973526811767083170244216314394823961	0.636632751404836949994907748511371605
0.0606027988063149906503975398502955912	0.671066866657839205699793168675286133
0.350136490505649198628430920669468691	0.775527009189543930541237584011693739
0.22956068446873834784760028168244895	0.731997870008830506110611006228245362
0.664239446098620909642350947806723978	0.846316887153066398230289637298507259
0.462657877049642215178838441312775678	0.774269727047518137326147425194318938
0.559165312815579635264594735373672263	0.132336851759320868071691965923137966
0.396257878850026947370198450102871047	0.00492652059534717090568652034995688424
0.819555497412367936347488137468149141	0.593694270735265380573631927800666402
0.935207535565973431665689740866113204	0.93718825666397017923317283206283464
0.313996483795697245840956592509546683	0.301498358836577040490748453368785725
0.828620196197378989726875725396969085	0.226374423787312383722668797547815329
0.161724693811372375484879417031464261	0.333867932564920801165576059813834759
0.311196575781359553071144108686940027	0.523766133814982061835273605284646402
0.559248198345855565857749649367521858	0.74644157416378361964470044526018073
0.2433142600531044944532893218024828	0.322075839125999528597309531530628416
0.026730609797589269498529798246553321	0.124253929942958275080540166970046699
0.863560154158222221322021361525159389	0.343910079390213327832179382074887745
0.0293848264719212188165531360987954915	0.351488174145757717282616474034561701
0.990571087222399629530178590019553402	0.610444128524902784561182946180773642
0.361049395629929223563373699482117614	0.846834334724153758626188919849148809
0.823868160999687295163344840934675087	0.255649433294448237927430910875151258
0.146068854099742838216138912878468423	0.932408309274165429496680399304841987
0.220537758023375205910994049477602721	0.374362302352447944906877382321887795
0.659612702689250702566201707760595607	0.0965493752349365297165954687277971233
0.452283631387653070439624305674283515	0.418499446343867238897183665155619234
0.980327596042185490368087899270732757	0.439027756116394872382669061758067025
0.310393203030482714637203516136789517	0.552146287483395029572198484087407764
0.817347776122143045801647721248071536	0.0844284955515604274347428966196665254
0.348050806373651126043534114519874262	0.0953738927318272345092963478263422027
0.166689544527757038739975181270041728	0.684704865959916018209664179149732118
0.812524567875453489391894485472878388	0.710565499375330226149784915409485984
0.42924335007423663809133350564626721	0.10848414621714350724656921709413437
0.958147943929988282064106867270893169	0.825873073492734882041242383825631434
0.400707130563833674864982664282071871	0.667432060792027978131990402498477659
0.727120878864412585378906307537017772	0.284435259045383227504683140060197045
0.908403853340674046885878028972074432	0.462143672247297525421811413304558098
0.0824321098097143378253395796827912477	0.473734849039220952443825400840187674
0.711965465076561898066646199763853965	0.819914981200735773435195586355503132
0.254687173642889432203787959823239221	0.429621529542711429800662952955253291
0.174521015482344994145895450525238303	0.0591493931687091480112864934438639336
0.268917075536661680151479626964439476	0.375648296268665319817643219909226239
0.60614695107570231017259766180565482	0.241717300794287143838199987568227279
0.500021154484836127397495268624159949	0.016536367336295918377883603085267746
0.726742135156214528940493620586077777	0.951097911920620481216001650110143208
0.277498612794484130246199398559249234	0.949695297840421702091750087914143908
0.882556684969582096788550053711467008	0.361080892368303530912188888331517609
0.840582824275462296222599473712747418	0.43128809775421336649144592313152315
0.898070965092615806649995874531732797	0.202455946560023403135389907724885963
0.278852594929732830586314972313076806	0.437960093246743300836810306909002631
0.768426125567439722004159463657150967	0.515069202152729173747303279852611139
0.413921694390556820720950148002390696	0.698664226341525419311175550409143623
0.424079488910038885047004410451372525	0.531786459077322578500405888857414726
0.723734483693986695722727843566460883	0.884274312583959120475748862032912477
0.840999595429551171504475356519486108	0.790469562351105337332756943935433319
0.283165128044794052500445772418107265	0.691247500299753992830575881402894047
0.189769693797005423568256446352938929	0.384898884206238923589186815080736941
0.891453291953483470906692368128711717	0.111912689762245675554766635022527795
0.306520197776719031936398814309671409	0.866497560605872143019008377677321961
0.975734041126427951328092293833636724	0.304315557405976038621826321943816439
0.28726921174070639799040678880714095	0.568680983911836505159716039783828087
0.532301905581082094907883922625288267	0.727508024201936083601468889988775916
0.454641407197272216470326847720322834	0.945608097930087907921317306560760352
0.510064854847652388183116483441236229	0.231527048408545955983734280702759058
0.22152914835074094913431831971443065	0.690235690695703007308462466601480827
0.927139100091052924519386151095721291	0.837662450294778043056547264205596406
0.566607158128379344983788713239364417	0.832916591631862158734221106957514685
0.70992426984534462529559122683508111	0.0981186782826554378730048370188912637
0.301879679838209755045842811738610104	0.352120425304815636375913106037101737
0.617485370310198397692740361360942645	0.0778602029500048870630682233182080618
0.800492980223703734710221269590968629	0.207284565499052387479835646534351764
0.917926581603555005858058500719146986	0.2191388781007903063058726171491417
0.666282027151190002990152125096630097	0.883609480495400243590379409628510369
0.135755578226950817836073433272272229	0.867603272442343606534372712291933826
0.106085194317127279018825240495900575	0.997160861563893518413136906777538842
0.321369571017503636966712259487449655	0.614153436368680735435479369511493768
0.174914185772557503525889919132622706	0.815766207775858360186236710972487773
0.829932214854638961565715142930544555	0.463423489936195207303598411070749015
0.551854918366903006047756554174451427	0.881824051979287287899442033928472523
0.881920504424982453783195706709959685	0.38911283195621806859802115249548571
0.135606643212762421253886331942593541	0.550967758564416251340014177764288658
0.931091459898721337097526609711674839	0.160720658418111381004254495897814728
0.408314626338518613703303728083552213	0.634575534128884383650088060534003949
0.63985046010990616192508841688841019	0.435290556833842351965802439498740964
0.515676359595937236485160240619733025	0.956492938101084226275349017669200864
0.0497205578675777240250306023050803818	0.836114017309673180225956130774021694
0.227515316281935257064208450597299681	0.213058963848529535562920921141922757
0.307558398027218191481708554168240806	0.464862026426723021056061224201593771
0.847100692124476402649990878717241295	0.884026871189433823489043818145101658
0.68741012669971349464695911448139182	0.784891469539921758973044881937126601
0.479133997173439219737322828861323069	0.868554859646678855448682176003827325
0.576754138408797332357372114521503897	0.991858732481533844012779846086948839
0.815490454703308279202670627930254585	0.15018085750525646999084178128043696
0.338483567910410697178280890659462326	0.289779326069666709993559004844755254
0.529157302950107908361023452172438546	0.5787046176363153763260423522522161
0.0975731253017975024580811149052507161	0.507415214466234110754873005437905383
0.798666650540004360748008135175559523	0.684237346685373480190306476603864576
0.561163997360190703755356705015565015	0.36116653168612201106495888524722734
0.49265915133046015834268818102383675	0.336570409314601439578468544391615191
0.156152262914850622267698510035548365	0.598808914625747199029936930882441889
0.24570906585319382510420114472533445	0.292856761825679431902201369237225002
0.293285366013259772833263281887395959	0.807436884803833890913666068145322101
0.984424952485255547785708948897351574	0.473906779563572257931042229535540975
0.129680743545273861333947378437892768	0.360408341491737227106996204816768202
0.905221695882162968590469717986649644	0.888637332919507663814418131293987376
0.866638370589084896798255006265795009	0.296173886020964091960728985693216867
0.127656736980146829564286191606314618	0.300861292017777115379860322603424297
0.05761635966324321318268905981799062	0.142534406581644015127691503291971792
0.556106750198331842809059619446425313	0.570948178043993910010682435979091063
0.118229550492174559368667348144685349	0.636714037628372850485808391449947906
0.773748214508073395165087873806031338	0.469942424044114720811036715893367427
0.604998872977624283061468481300488351	0.695606606270448189730792000088472826
0.0119748535584013861704968145695798438	0.581094075730679367574618385975987827
0.875487806582342666488403373101833915	0.155677186818348559476598569430220517
0.897101272380958884023103502505733712	0.978568681596911703026172999981563247
0.0393226043746815357572983126981085095	0.731955536606108100471712184224945665
0.924449294109383700032013810331697634	0.606903441363011807361876214053640549
0.898691483521322513097802476403082303	0.170818343536220067810298856139995501
0.510004312596989918182142100618828938	0.155999090769842218462970087031018142
0.96152897267357973132102072031862419	0.692457238255036358793283411086775168
0.499540392568565960157994345527720868	0.565910962996525010037369789099306392
0.0465918860173491077804723313287577477	0.582736864728345198272467470434162099
0.420004333634236173908943713102034151	0.507289078079441161356636872713169983
0.45180712519165650169934212140611756	0.864823016948597743203327417008230562
0.812992217142514646957494938889104314	0.740269291501252353502958194586962076
0.30593669406692545349393582582035538	0.245838131590136434301722697920828608
0.193919124343222029655490000583767466	0.35382148348054950933079823241804118
0.100658498099309940692137257033352699	0.86105106812506514839050993863395121
0.958654798438941994906827169964789366	0.502186313014181404783979288605448057
0.0165649821660530460661028654703688703	0.525007445394322772663576104570327732
0.369505063315450875481261766538873723	0.804739128719909039723985331187232568
0.987046169780787109953468124810494847	0.241872843231876047883100257149712661
0.1547698162372999984015039732355787	0.300125884642373179108728172963112734
0.115846327296551059208040712261224083	0.383956635252538606581063370433681327
0.315296479190771539733630555629196256	0.734634794696874552328054645073168476
0.0446623185806584331044588857380722955	0.937589388988978330397696782276755146
0.875102744372415029208372713939605244	0.246009018994073098880768061684667589
0.713579006722987109219361058743688134	0.0382967567528326372836963741098431564
0.844449313542101447204312549417128023	0.919886056729311153456752488597727343
0.253400387069126536330716124282967213	0.751753398542588665669926049152437976
0.768316613492584144411176743751788337	0.230238424532981631031681622455550995
0.530582338990089747898787203670510633	0.0329946948094078678051146427609422212
0.524744584484282058296619762953439546	0.0919819839350261523117205608425023069
0.615724523910024835868516861948522359	0.609588974781100340401040289729922766
0.292893223463001179132597131953212864	0.213780583805719856157464354961532644
0.362578671151477164477560789198389348	0.587557965586746001494808558587635715
0.830243831980569774791672473036353733	0.541486649231689081419196370016504083
0.0471532739637532501483623495166747439	0.697977107804151306802562439029720781
0.164425589966802082353464685489440996	0.173322719931289352029078013951822369
0.0849051939031190459278314309218931272	0.83103403788387281198023846184157184
0.944951595801621431420577212408503622	0.0097415049121224918837358246888528636
0.205208430047589195414149741657623247	0.821199667954240428434751385004023573
0.276066937039289144733766429454426383	0.780113230670737857781126979397615573
0.521390691327082784496122306377180981	0.797367993002964732785906032407734893
0.969920958984198601613110129480585003	0.0699520663574202096550372081065765902
0.677217665608840237867520553812238524	0.947925035503473096457004535193863411
0.646491903788552179594103162834558678	0.0638147619762354936838817494629708927
0.502263378236330292552971506078749381	0.0577469791640736844587143747006286576
0.0657020843392571450509813982984097724	0.957520855160531786346148793237390266
0.0255951408605027582852554659138715855	0.555011185130740624290756992221915488
0.879348466211597347790019782049648107	0.906994327648263500609157734341584289
0.99170660433432790703461983906363596	0.508740417382954212553436249576913759
0.450096889357683331032744914161441335	0.686462552858294623261839192820528734
0.302365582496317329186414416269065784	0.384481895498792680646517120539865649
0.7570592946730990051113110606909455	0.00306892359474181567838485899473772735
0.579240328814374834417575428968851172	0.854738223878109217151529757395529267
0.295968158270476854133990984975312295	0.756123800700414340662987515642102214
0.812906612121962347049023832226243711	0.658200880936737148016705711391200249
0.331554728897014009960753217779918384	0.329283310044113577215215682883449329
0.261483671920183229028607720882169926	0.121644005619246840411058119425224139
0.253376805050573501659425782434235027	0.896942252716238822207675439126184654
0.27153568842041562109710112455948959	0.917361422215392663411056742123044017
0.373614517110291203070633036939516755	0.674664898677513104363871603291318094
0.403745896019765074962743209728822851	0.524130476139768241125234742844514474
0.713684105381797121091648515985009831	0.345992923111208396549710041412469684
0.0953579074946058326114004482631872619	0.242466428938862789332408568582039316
0.631879901111966083812638801510048394	0.793076303105269630355866516978519288
0.793942900160377511395901404547730049	0.600626223920203206506185798311151042
0.841623580953081113784364520188233888	0.280594839472152758066409575040689086
0.623184978696948287036814443145828815	0.888320239070747207204462779696154107
0.828503003177901981132565681625771677	0.119018137950120325093865708813281529
0.959031774366177201035872627275185108	0.452032652620998791214979685384115322
0.587420557144681691052115685119860855	0.361023611945760195363545654074706238
0.0903753561831435270378023138672765722	0.795762459066652276336119390730213292
0.432664853752008593009554623693684865	0.477711309361497652392931213798780818
0.561736709701475052071127025840059825	0.278768763183770911012845880956864167
0.745696447758001566869032624801991816	0.444046175886921273704883705825953265
0.212042726385478979508187108836915019	0.567798894462311381323049051093910565
0.594937797078768847438570480665202029	0.827637834740791959789010937574260189
0.509383441827578475165487267644536677	0.504599617337361177733768683858112887
0.644742556874458018332203575463313407	0.910591408923779465569783064050857641
0.552694482381563088584047600947459484	0.854195163696175214535370171052562128
0.159689025046602964455340944654120708	0.436180608751656961200795851995677522
0.44934454398735453901865830637533552	0.0541392654593558911374928343324205696
0.535619049436196348636984425430447778	0.0592509087504788958783629987361817019
0.42798640992466991041283249660528513	0.346929210326771632451194155495690464
0.553623158207214594439582134615881104	0.396952654547670806590400757913459998
0.37126630325047879647127092439906898	0.751238881336562763111209800843786796
0.948456142167052641133789741567061432	0.197845689257835449985125315461060125
0.270392932258163279043998993315688848	0.173832144256919816357388681926799813
0.733172079103536122665239528113983104	0.984114841190797032844287346032097796
0.948941812144810250873569375778131253	0.589868048538576953008148998250373866
0.232027689338378655909687109425282244	0.789605625794072070171335707537132305
0.741937899740486167995102974201401108	0.588770344410071392445054288381778797
0.445237250001459304738300889901413459	0.548309439197780574101971504726135274
0.887587028243642365889490531566196079	0.22419449044555356796865050033923577
0.609556422432396506849508736090688088	0.499726266254902030576791221876660547
0.673102769931839644263630640971027254	0.0651223029341503052129821204387577436
0.431613656466161627056261841766286114	0.77643655621374815974926414081642207
0.347381560288688864748713293231643255	0.666019498353102066219825194398292538
0.39693055658747793770647322223812661	0.860113852916961848324895430710264406
0.178708403348066468259146007268936871	0.751994121007414217321299900751400131
0.999582957264949887804556257627084819	0.361773410668201479872509257526239254
0.581878985075815509596019345548200662	0.596987971866365521524203046974157942
0.572505797756607468389313833665203618	0.942718739622591263134618436071673474
0.0206643641915650586137453207730549141	0.79618366020591254204288358425965973
0.215177093836768247257604487473790773	0.303697486499711758050246731494878232
0.814131727963326038151829262257706877	0.298244767270613347447156373562143371
0.948088290816223515558113761520634437	0.393463493290416822441698285218740731
0.699538445221287172078354613433963972	0.938699372269672674887027390340119541
0.212940835845195143797538135036471889	0.963443515609359151435376492036417288
0.870019639351004464978981540745393679	0.190218222539283098952529774416961158
0.306671700289538235910833568562535177	0.0469636227925068045590704880390832713
0.126545122756592857286342334433155799	0.954459629247830483088673666119602806
0.241210641601844227690407745185232775	0.400823159339886990656541237065356983
0.682928259693626106457060705861245202	0.515638460743927114002054329025769618
0.971774572686044602159283500545130946	0.267081104255867600014914264528524597
0.475574324044374266723840230885958372	0.173723421240270038038763168172418621
0.392443816130757280473369286989443575	0.173930004796112085148208094982855598
0.947121425592476725868500310805383183	0.240720955765611180265206829447589567
0.340312359776731592933372893247216925	0.372006019848465565426824154257326493
0.733103168153883635352912846297698071	0.386909244999386461688289039320711003
0.738859019859788311850920142292246493	0.133057235183282859033532601721683923
0.919366179226637295191541140427332686	0.633583314422612096400858069572629223
0.704117215459243947469584597329249452	0.669804390384343622494335188368984586
0.444244060495287794647594345831900735	0.197372529675856192299158556253621466
0.625040907451867891364991998274603656	0.0467045572454640749835413555924259344
0.504018723890378395813009807484753791	0.366211071247073677519308679577024982
0.136572883524152422050376065201272292	0.152521568557736692352935657223535264
0.563958021122338302225631352771191001	0.331657490698898527912658302711690482
0.996190623051564394541381788369743741	0.206591828650027194267299980656369911
0.70876418010586444360625852031552101	0.14136588541527228813155193006481196
0.0164102779837389913526459871007744954	0.761563506986365696708720558041691545
0.899760165054144263191739731925177784	0.747217209915226891454162080034362942
0.374287145165625676237270726714473788	0.888631399820445580774197312433468686
0.77171727338569866570469433961093504	0.670263686228354689025495909851095809
0.608902407606764121931152467556367117	0.858171177709665600757569091824429359
0.376461290362687734706543578064210033	0.530951113312038660183623907294116931
0.736607416123195206301595378187921835	0.245682209597737917207029482630562999
0.160368150838352076364270143826789284	0.37215468213359644464034029733044145
0.579332725765359968807224141168907398	0.254033632063728017863583185605959432
0.085498810515647566566942023510494499	0.4404697551539494316044665940110434
0.12100716177038978940628737475592727	0.808767022206806215298134070040456666
0.269641091084694502745234938332338802	0.980585748490275097529345054199959322
0.0822366257960413241181383924872627678	0.885900363435828334828273567541114726
0.0482595656527572793594155028520691111	0.878682774020190739896936086633569437
0.0235532173651324093996939169827847377	0.204882620506701486656086344849095025
0.281106218334428506807775934830503517	0.411317036680449207436884218191762211
0.91412947996242493508415299845027211	0.379997115749609996891717676542523145
0.139820677463891887068128456121714167	0.71193536405304650327611941958995615
0.110370821231218010295511894947444606	0.47134852147836744431076459417779656
0.870679386669752522124204990693102167	0.588443632172951893419325767631428023
0.835967842230128315716918936224625565	0.0540507443974834820379017041434970413
0.243756901595663033852209153165930921	0.145801204451634819952930612467729991
0.145017679689091051207792312366114608	0.468476913893753816454839243683262373
0.737228191222751825364306961204369689	0.20863288408495532068743525699658852
0.145996772228831945446314063754001302	0.635561934114778563514513878930122348
0.729295174637129262350276382760601791	0.414376431294728459212821441823888722
0.433273071052414544059278628799441954	0.441490413287319110693242077670322219
0.314292196728997398483276466667964358	0.408377363144317427000035993315245281
0.326355773120885122619274850879155965	0.688048173666776778358441624656584828
0.00572161387532943769882004070638441327	0.328745090114549969065731734163933447
0.0287024452084252236435226419530115305	0.264157533059429438951100868408146868
0.153711851374913933971253399826935149	0.958406643801039969640802319917639406
0.758033103611609562529765516000277244	0.877318615399897521313752908247160022
0.167183270425423629623666403578955403	0.876853581411849917260674281225292056
0.882179565034105361705882428599931761	0.494026782604735585710064587943360009
0.221489934859404954863214179083068826	0.118756823455189652573184283042952827
0.434207713360803323826083651486254448	0.915907521865940782750015430979515373
0.50343101688931824328038291035863928	0.431199213257540824753675561937762622
0.0560730069035821545794826440851760763	0.801911433530425603758660881406684726
0.0655450016531853885945576886668875598	0.342784195599640193766393340548345619
0.582932915133239855683290492993983191	0.515069424780464020482789372901767904
0.468633872909096890412557495954188958	0.105573093703237011926788017971376896
0.491404021905806097418322689816099065	0.782498356503762355555070419758225831
0.390397205392771838085779642825233296	0.303754019859983848012704664044490016
0.547129546083236717167102115700487066	0.634696144882240162885036561220524813
0.188978132417955867027821964510053011	0.61216998885049183323203874924018455
0.302731027224636733190560459963220567	0.926442914293975948370719890082379255
0.0607918195071304714026300993421374542	0.31137541298934102087963959041250701
0.972751491229994455529523315489768381	0.220595060217957801203593019375007036
0.125861567526564932169930821922295621	0.0829989289161042054868594088355941483
0.913338568582346370881252407606017479	0.0320381997343832925932446971310592154
0.106560034527377839135403486526139209	0.136579671330757702604357828687268738
0.365255587394994440667707414750470107	0.0641452856764606257647754891696472942
0.660511077103130167412816355266783203	0.534692692322138275738823943868444026
0.169280722552959275920214226538472676	0.204152544729811596395518024453679886
0.952457642880815634379653017843444176	0.853687898302279038120192732893832182
0.244667176781843301048629259579935121	0.950064046535302682435024419793529087
0.640860301365067615394319124219584282	0.299493658506866325566737431450254438
0.802621142381066461826509848217567265	0.04067727880844124971224411144382903
0.775192422792925019337692957081891126	0.913055021251775714455773480747560447
0.50145467029028328785142052699543758	0.725363809064333951003535509268028667
0.834863005306127397224584666504946487	0.983365364328369929804592700687962976
0.403982244885715063472426809955422388	0.550469632722660223407923416127516905
0.92980703831654543697140321907581433	0.42150463160570617737905381742984877
0.925762881152072102550828184808354339	0.777546850545600959809815274280956233
0.919406479823369149009820258416252458	0.977431976067376172604203579910664544
0.422988364903391235151755515301522238	0.406338725668454842266264292510780174
0.588646437666236420519921578155742524	0.391490774478272047846334447759058131
0.887824759591999298523600587470047336	0.775182273317993243742398350231986421
0.330328922202698631669879212713941197	0.441233033898080132576988690527440162
0.575718637195777375145805516606612048	0.427770184106912753579600121933589779
0.331741269857542426624296895314488143	0.812087709372280306926530717003249731
0.246339965832050330092946409680441634	0.0978770310481826862443546239280376114
0.455055934336325939769628472887235059	0.836462979434713728151219185211298705
0.889484208501660937560861758873465121	0.0460884373784803895115894069780588897
0.0157651775048978090393671901717927098	0.445101694248713490025550083941475861
0.248893701969596842713020509638546451	0.674498843541516845460409613394398109
0.777547129471542770988830411667447165	0.886114058891709790904523277622580382
0.0128431842948803700675527079638731939	0.293059368976559114609536420843234306
0.340741748300475133585760729091124033	0.539416257302417186354685534885007618
0.23679150292089911199097432864890373	0.0078835814959873480351089527864843349
0.246409238830688865643627393176378685	0.0327262903840252201785768615064618857
0.550335387222619897105310148499503017	0.811490942325675670082655052094017129
0.731405504005039728500437247220643283	0.0570624295758734532222180114421872829
0.51758342491901507514319805282794695	0.92472393503753809203486142616419504
0.434134969710868197089389135548936745	0.375479486105013902501405784642429618
0.861865150724499073497627655861869563	0.0636546433177484211687709946045391673
0.317926739518750562936372323194471804	0.0977281469092511403062723690448172667
0.654050644033709875864664812630360607	0.274509105832177468328991479640635345
0.578919733051186286245960116983752764	0.304538004111692168096021778158222593
0.782138381588715369568918114498901003	0.118192105794071538320487703225228088
