0.0250625503788331869020753966224680398
0.0129376235992224356917728544704939127
0.0202382044425094745865550701292444007
0.0162484324193019794090568691408616817
0.0161368156003462787260440085070729195
0.0197039634829567605249770068721841431
0.0152275262608196543962366228735917364
0.0183701273046114966706862186242317768
0.012291814341771362243755261278984249
0.0117344547547058092612755622874759802
0.0190987110020638454519638838562256251
0.0153579409795249190115877966823044152
0.0157867997702506965564873246324772186
0.0176044774467695865684030090605206928
0.0105296350177464683337171683240597234
0.0137103105333380100416565268398439147
0.0156010924312589131956424748466972878
0.0188019137901454016962394206898137749
0.0197014776496037407230694838959527753
0.0204686372481669818572062393150124163
0.0156386774612362216262394587745197025
0.020933173837483630680612133761157531
0.0177791938934320300613706661441739535
0.0165801536828385050348583730307033143
0.015413272653223539369584136656510313
0.0179161639045819189239622837953397019
0.0228752016021635744955893417547322023
0.0172977017205799500215078615570226319
0.0157215610073622067477914469337525618
0.0148766921182533612275696901048320785
0.0147681154618046602616871774355277671
0.0191551665716551259897604493843165258
0.0163651646984405817366752028253608478
0.0156049667130200747489244285498953487
0.0153617894205540419437616618345991213
0.013362815307702275743311770181658971
0.0118998422982703681056700692362842484
0.0144884892260832686868350250405847069
0.0155973842115020464545246550515545372
0.0140463379455711138604577365667832826
0.0112934804343998514877126654291450891
0.0126896366294593476162740250659838436
0.0151330094900283305024587244805770783
0.0137841937421473272469777286915222357
0.0190424744831846518463425749236875542
0.0147841295519777330425645981673009292
0.0173639947315486525391599754210056756
0.0142850284954614765167107408141340535
0.0123558203045486059548306807107858485
0.0153660233541942075511706932419593555
0.0180610194049304617060657983494812154
0.0150680850079187964836396035180475437
0.0149902781524898995101675114191086865
0.0162474982616952228771059258147833919
0.0165264098433498831140983477680361766
0.0135606502118227202356054202965391933
0.0182018419402299606005943528032031644
0.0150515889058802694930676111363102427
0.0248241145612775697433165565614664539
0.0149352652823906359853963012866248335
0.0173429372416318034270970559208749389
0.0225310181509768449513297025233928735
0.0163317222545777697072996639000458339
0.0163024266773107163739346916752739422
0.0252978953593374014029901288887493582
0.0122410855693995008816876912339879045
0.0183031757547127888005952510735108055
0.0169765001445194928584718599518460035
0.0157084145098662480393465625666198936
0.0187379237048021420876362366673482646
0.0123834004794271139121977226658054517
0.0196393616538581815147334148542949125
0.0246766187311137940357200611436882836
0.0191099623475477341271548331595339437
0.0157884921534851620300209485244545439
0.0098766847723300423420248146369899247
0.0228216378313875136856220153834207435
0.0139632136923782948406114228044512332
0.0128738832032883045503549759163149614
0.0193139282479079932950022352378155455
0.0160062103792567763026074861036316941
0.015195888273018552072657878063599317
0.0284530846329227685863497178573970926
0.0135165255545198161359370815727719049
0.015154245580315924903705882285578363
0.0145515214700970846037355792814355804
0.0126970773588181575242368093386792737
0.0151367401388644704077785294672365069
0.0162769868916426320413590195195615529
0.0128137554912963289443304061381366756
0.014990262002378684350917195472285506
0.0125790194084052891924166011542594362
0.0145787927424380231907050256874595077
0.0175031615629593920008460552990847687
0.0176709548246497948432298159925993785
0.0170165734712636057662984768612590474
0.0163610894551905248769990628778296647
0.0107161496140900669645067788974189369
0.020136995720294982557107176895796955
0.0179084598149973233598280153922590904
0.018302950117356348043435240910529912
0.0187933092004468922257048679770500501
0.0166764063721123975296002077219488769
0.0194358240660508932921674742852553904
0.0159272099919848870179513457866421302
0.0169410188482292013989758857904433582
0.0115065280213189907755106101342603321
0.0162974263729838369782149273524398928
0.0179728881107625816515555827733312257
0.016228391549670907249287302696395412
0.0180567130502276090963095215150977035
0.0176529934999753933215743107291733953
0.0140584601080683875370588537237188274
0.0194829828893743437720881651531035179
0.0174313329446188862133212355649542593
0.0136938192779024225832360373422654596
0.0167499827375236393524941194869503451
0.0166604082927128558600572208810502548
0.0102152176039537937739001716638529512
0.0163562307340419623614323875084348385
0.0130465679609836712749136693113061287
0.0137889140140202854800573806034163328
0.0127797254816411498517947538241445838
0.016434916501979737776925353677772903
0.0163468383450667018697950783213859417
0.0144796141379638087397983155343437063
0.0134749970388038853648085466766631481
0.0169292261714182027735646717427756226
0.0150031020688034648602989839635248137
0.0130057287767480794560976353694465029
0.0136959056399390359016245345898339891
0.0166459529946395945314491018443800881
0.0161206926705767489822476959539513253
0.00981294653960134625894383417471483056
0.0241599675910058998705810972486601399
0.011600052578634733627593510189932498
0.0184361465116617271781399326965238709
0.0142958220524049199805069594270625094
0.0170030437138438795074602097691496708
0.0125902523035170314414828044749748374
0.0139618185345758355654613859642062991
0.0115182234281034510829842456331893849
0.0148131768481746409499914957820534003
0.0141216274178050388863834315131841701
0.0142060705408908891975699030629444425
0.018203322695446179229248301040629985
0.014732790739945091327567564821524882
0.0238664711934791001459152855776233331
0.0127092673709258397240799006042722826
0.0139674796124407546309510069902527919
0.0156193748763710287392100182914184514
0.0207362161578648191437435996596198257
0.0178681848615792918812916401660706494
0.0163324097666724136968380043501099565
0.0158560001522236279609704343976587765
0.0139141432138194074115747041730690615
0.0199311963307990861440889434253343461
0.0198593793759121806702591391212888856
0.0170294122057763537048269029890290147
0.0180159595081418925215847699301707989
0.0157593895035297917902158669552731318
0.0178073937266319488283742462641303026
0.0172116443118290469562193973867531285
0.0150731135999637779045117377804116658
0.0208778819280857232530814293882948013
0.0210680743926664578406799422022083825
0.0228688246551817204516984641423654598
0.0156481364578334222611773060412718719
0.0139979215041364909468039384813037826
0.0188008811869309079953296919962309246
0.0165079526103257226295321672049160581
0.0195345484462048439634755012306708677
0.0159031118176368072571798279852128731
0.0184436229392984177336050745416699158
0.0128058294204227634250334172333718551
0.0207509539211459320818637935182196031
0.0168026957862763862382147636800463456
0.0181878841764108589818192081475214082
0.0199078577013909200036703163367504348
0.0151378673019397810463958351371401471
0.0143146511697835774507226928686819132
0.0114819537333022649562809783031751287
0.00834402630775641990269913237381905109
0.0270123264775206705994236711474953534
0.0216256887274295292132897132440731073
0.0183154911661738839530182900312047458
0.0144864472551161256165018961128862594
0.0207978517907665519359745881683216825
0.0149291952723191986303217641900791366
0.01935553307447297266780630118488157
0.0202156286547235830653381603338982808
0.0130525793435587478942258827817762669
0.019543293635116786430105996352036369
0.0168450636068978911579605656019241063
0.0159100728665617781506140198856695172
0.0161716358441980802875886051746923671
0.01598887831752967112484379883923519
0.0150175050480598695770083728057558466
0.0143285397323713344808454952451383901
0.0132487526402916732975101392836024604
0.0141638466384241536719041424623210762
0.0199922174398653888505074971302557321
0.0152773189564183352642570226562150366
0.0161430872815559596309237360829490342
0.0195283326984128574034182196276849126
0.00964976307679230321971857231639339696
0.0188699502081045064164982251266442414
0.0144833777866401712966429072093197141
0.0263956793654736480760200293450199802
0.0212229932539658725010419007449572862
0.0199660213053186109030465747684629321
0.0159907719759608896765732312606104114
0.0170084005683777732741084014317716051
0.0112685234213276679857550177175266162
0.010830462699824220818307564420176287
0.0161146948398032955872340421293644819
0.0242220421251647747096674444978518842
0.0174253128699368801549311603585907075
0.011839393152021759462550962046552776
0.0185811087813990041566860055955997538
0.0146857264046365569834319107167053938
0.0173373776868463522207870804359602208
0.0174192945020735692640695979393043253
0.0166492994868031087922802513428261946
0.0180852552824457479533921172041761599
0.0180207412206909678371194680551585817
0.0132564668134360213057714475514122798
0.0106920099915182334893556423836504276
0.0176281052047155576103395244667675917
0.0156692312635385903798060889451709584
0.0147047592699677174259401745046311638
0.0162910262337549037383397192386959577
0.0201270062377979731322037009696058416
0.0107694888252574414757496394606489936
0.0128179253464740708020156917414446803
0.0199730582933336413668140868067414053
0.0209730858947770802383363700934519778
0.020794205877748300138752408905556563
0.0176438800920896991716583033598508304
0.0171841553258391174394515340191481571
0.0117578054538724240972570354563344831
0.0200156631147817407069023085600086867
0.0213466181994260726357243277837721857
0.018446907264129914317673698113676091
0.0149085184719312610443000769185032329
0.0173268485588811191048481811087438445
0.0101008583262435835225398902170515386
0.0193525287622480821192423173148990787
0.0170217810100484460833981984622981687
0.0171652331719517019742814758762206385
0.0155699813356521441864838491826884262
0.0146425896638184028519394771694435526
0.0153474852914475996478862834702184695
0.0108082639422019161032086051901418746
0.0144753878324232943029608917028231359
0.0195907382857616534053879841008736714
0.0122718806579778789223013215108193313
0.0251829418160599984045950009306466322
0.0179322200236572959269297644969855062
0.015034720283814477572966012247319275
0.0163915922486997052078205261026414774
0.0132708203116379923233457113262416843
0.0125342527547371793989939618451860951
0.0183535119775814520557060697985476149
0.0158698176186048170391213167542689644
0.0248615466795497285287371953240230855
0.0131136702849945695970279684379107868
0.017189659496790449493831187062337022
0.0111420789346480348246044011549204631
0.0222502322860490721278483270294614131
0.0155621435664313303323405892061510627
0.0138740921055383874177403586294077895
0.0174455612141596370637417389776156655
0.0163618840298557741814765060194418258
0.0141755882971603738541055781632677652
0.017724055277133363063677412710920404
0.014027272690838285191646695955973125
0.012254097005808761210034648988731172
0.0113056006964477879049436016556540673
0.018294916051471213212263444089505406
0.0140693306941641244308081436761665866
0.0138954673702192079938955422221817808
0.0220485096900591452951888450477225578
0.0171168708068632349405073410269224959
0.015131900521787854261490772022288876
0.0201667361455408153355598313839612676
0.015045910602138234208456481485167947
0.00978106817959470830695810797645291716
0.0165042696003923866964582863897000006
0.0180966480264328329116344271304394116
0.0172600797881018960472959743905698101
0.0155044960128356658812988250573254752
0.0189426543944463990185009979095165254
0.0171690678185626193679944367183672928
0.0157219038360373986405563343920195876
0.0136896742812298478383749170828197137
0.0130667619194489171339850906546020928
0.0145921240447735817247035096606976373
0.0137322094204058037603254447915801853
0.0141351704784261685234006564028776133
0.0145145351609764875435088232544722479
0.0152387772352892500914052445176812868
0.0171846602329721557912845110097002573
0.0120016685338464961105204711187476587
0.017606674566925441220865461582537146
0.0158974111891852736951193621139797411
0.019819278054783031801448699578759586
0.0191983431122624365617746968734131317
0.0148428534562661542824286718823552041
0.0191772995747094511357040679034643353
0.0101424267777624508518879337806542956
0.0120603061380653845059282380499128753
0.0149873905579571951593143690243102421
0.011163797341054784851841136789110054
0.0228729594297231018077682203206815424
0.0169815593730006244698741239603976084
0.0173377307974958095488064697164711592
0.010704244464206046496599827719747445
0.0141296943172935964980875264263197369
0.0199895188347708760696362578624578242
0.0183821052755545822721401092250884142
0.0142530655458993147810614209545901065
0.0151867666506871476082266365702200228
0.0203978152182906912835503941911068299
0.016710786053258154221196082028149263
0.0105081412192699632958157952126930233
0.0253448813073049373387417463933632475
0.0155657792779644899370303312609817658
0.0158865574659815980464176772800738913
0.017610787090423513517327740940134309
0.0126902464511957247851430482083548567
0.0236095730207263722689408902415887662
0.0171016640804130221516021066907625011
0.0176508055331151609199367256551212563
0.0150472181791506841771133482512787602
0.0154940762052600680731811997981130873
0.0153005861629687374291234970880612068
0.0108776987021783568036019714064259306
0.0178692800435862235600177626590675328
0.017783259907661716649374146732178554
0.0124925306359658295760477367297789967
0.0202188247934824627495401063849905931
0.0179128376992513569694113550882423875
0.0138425167850622309965791826683890271
0.0132681127814986332858348754324217223
0.015039354019280818824959165253638965
0.0149437188855936418285425426694843568
0.0175082901460718759614848616537138916
0.0163562629636811477844835242973580314
0.0243242485137214893721801832055527742
0.0128985065497540201620639056208537206
0.0163804082721969666408953297995528123
0.0173661644113759105937228236724714558
0.0157678606807164056102373547575057438
0.0131150016911772782107621809573075803
0.0143598004463850273978931297444194498
0.016161596771333906305860992965371228
0.0161241703939386949379809384997248785
0.0145638022297330037000501032062460655
0.0165295914476432449568579283584968328
0.0245528487707350898199489739041610921
0.0204242672580645000162476194998542323
0.0218172978487701737869502147309886273
0.0192761877813176577370579414572711955
0.0170341744977985358691107551934616064
0.0165760571870086471533817244677892649
0.015267861793568978830938855875579382
0.0162768495916035571656903911241058897
0.014072545246881883399614774212938001
0.0117885969506745317178019441507641481
0.0167371734041071446070107838397586948
0.0158965687924969498305928389139021996
0.014840749906125732373582944043483586
0.0115295590135499969067845985644381105
0.0141278313740804717919878217248341959
0.0131673087778338828211764819650200575
0.0217595270022959691108471825895681023
0.0181552901489488854189184867765881137
0.0242869220956783806367846009410781247
0.0152332881038561106431027711666141036
0.0127376067117293958529819820524371698
0.013664006474929396288493000670505503
0.0166154328756209234728943448067971755
0.0165020576125253142307729714976895157
0.0152486245364792638627552554564873748
0.0161514568151857930881908673628575722
0.0130738762164770499827618926316407319
0.0121546859222801353045227631495270034
0.0143807674601132000682346107137689755
0.0114181350629685472235446423121279961
0.0116859930895820951420957466346302843
0.0212488497511508446564625371647417454
0.018412372509568653435191164834135044
0.0117415196824631986599297127192779968
0.0165449959650346637880831894825181785
0.0116476055174693017864213336615762338
0.0172288671793325666764766084674582479
0.0159001305494456491137216486477104124
0.0185036819983765685481363395700323608
0.0205595112366056019195541288285435759
0.0181400669948993912641118654076304326
0.0189423197242244433140458651556848067
0.0152681060401306902426196714995989872
0.0218507070832022301851661800885470939
0.0169606673496061494107844324404408635
0.0177401403311820239215700480448183268
0.0205374374279167579381366184368176146
0.0118431283049205659402495945901802561
0.0191633065737226831694364885772809068
0.0138353646217857396934825061781886253
0.0188493216799071700605928469527232844
0.0134140787860581150720508541129198282
0.0146618417088757156139746814761854359
0.0159012147339410947382604103745269041
0.00951130665867308669232196863186291007
0.0204218507378453102777899174818211927
0.0133298878345836708423772417587572891
0.0119665845636740577126900239205984466
0.0145955841814608858980670063500402953
0.0184308045678120201539464699271116598
0.0181711354762872564436694447318740158
0.0168317590588994250317092593180904458
0.0143668368129066651437796388718613646
0.0158091772998660697418545631265641578
0.0179710624747072242336732898735317648
0.0138709362238846236453848128014970432
0.0135582212230023748064031319061497106
0.0167113243062371991156991783470208531
0.0139167385893437367556764198039757775
0.0207239159252812868588655951329427496
0.0212367506226009130823564096369150202
0.0191683374044216195041192603022605199
0.0159986851464304869789407829314345739
0.0188161760490698570779581866821166957
0.0134822221946192129372423544860834996
0.0143951654819330252455072564270362125
0.019369035078196949986926948980344581
0.0143092108078809820377583735439920166
0.0145631710115406921869329248149616644
0.0149831596245826898404249377735898249
0.0187192606952161010739757924013724815
0.0172930228569572816254387471306151493
0.0155685994192138105043676852033273137
0.0125512921658818576655566311951138553
0.0169930835863611921759020713516963478
0.0155917656206762054821040652533239881
0.0154715377535283124364508785789840092
0.0129969479350506237815315894362968092
0.0128432839846243573971521914954973805
0.0155515866534300781388189130758617215
0.0152029498713700124434809761544385418
0.0161303746376078399842635591549222373
0.0175737415052396024359627371831313297
0.0118828478924978631984520061543818514
0.0151072922688703753187803704725835575
0.0117470933787308106895250821280088616
0.0158470285926956257855595863869539557
0.0155742593264301878572107270405881567
0.0155590470853740436506789979578180981
0.0158607290467183666078364068908870353
0.0139417397528615893462551846474981164
0.0154312236320751864817351953893768233
0.0141375688552237359402897016405991598
0.018071918338749589567056569655818222
0.0140604993909874668304030789152632838
0.0122119069361829395466938667126345852
0.0223410330485496189765107539687970552
0.013177053890862258245393311174855243
0.0138535864500318332812257537383904379
0.0129606786835989494808164404932432646
0.0161426978258566631095192088673217676
0.0141641182700465580977921387943441702
0.0171720932088440703038959265010216186
0.0200549184262961292713754024115595673
0.0139110679602089678572713938540992704
0.0206922317473764858266087279333435362
0.0225316694028306052475838388075896092
0.0108530381500243201471523957268080973
0.0151008531134525261537516317438365354
0.0180423152918994770091442439425798856
0.013464811622154066378522316861334499
0.023536514949376760035184256552930977
0.01445897972049842302954898925034161
0.0112472545450185884185501122086184792
0.0149021965349783168714796758082867135
0.020630927368682036896711764784313095
0.0180787786030049885968789573410392664
0.0246629422270465975554323953801374648
0.0169742090659126965233481181771836242
0.0211965219469619050784100723953817692
0.0113260673678908553868537121755262875
0.01074543409794542736773216292124009
0.0149674453471059079898149081766894143
0.0156934561889695079915448564388422963
0.019534439146101609029626014856686279
0.0175107669285301519093885658373451077
0.0131579891055644422025780089971941965
0.0164855903140547512157041545534988392
0.0121107273713686449957087367738140248
0.0142412763488600520061831890711841065
0.0135791520818667306447113467055337217
0.0109274414186970211551201020699642435
0.00946269793844324819433950968899762085
0.0153140681888267652671908328701342518
0.0187447105999187201655508938425253518
0.0222319148344058366372668423484058398
0.0171966748381229946761267096522297274
0.010663557969748065172251418679978585
0.0136933301499660494237717585664447246
0.0171519323583011719424694495636075602
0.0146603167071624687234904566863970851
0.0171523629842525482684333888563990278
0.0129363552038885234382083736537284985
0.0153510303965815984325892486546766163
0.0153570326282443900141481847547747814
0.0198167543776557427056305058269884258
0.0153183391051128964464956575407840552
0.0147228114380839649927146172150540238
0.0216355093582786393105268186835260553
0.0167322551435761049834996002047970223
0.0126962383503373168354178887775761309
0.0183253149215744466249717302104517439
0.0166490229812023628863121200567073937
0.0163424887195840830151368398025533487
0.0121101465864381903024813368762245841
0.0123804428344613570802624519312666265
0.0177701992270645634612502842910170338
0.0170122551189561408258551605781869672
0.0184449370518233461739366349607867161
0.0164623537194496893090760029808345885
0.0143659658173541922698536418303859748
0.019947226341394212441775380410964775
0.0139194772608507749296294178372619732
0.0142800055097361422102484216567508109
0.0213570568125260771646719091309965563
0.0128385029000637453930937097939511993
0.0106525861014016555059385385351265792
0.0124267270477113505108654972053254309
0.0134528925731629421459639045400337957
0.023003345204925906177049576281367566
0.0179167880627685106197363771196874918
0.0121900468283074963245171365040674608
0.0179723486805943232518342524834704021
0.0141516170992863783212504996557690475
0.0136854027106253823273989987596004968
0.0163431546369937567271882638525363141
0.0130314733270882460735150246768605001
0.0104081749600208329251113450949685332
0.0127131019506315849772620002133998523
0.014607447795131347012414784165402769
0.0142009972556853055363580820731432123
0.0163418831824302884975919067082697891
0.0137094709254110063031790664291871358
0.0136098405641807508176555266042363068
0.0153061895757659689480600138344775207
0.0168596780287017228908571561040739316
0.0177312930623218654503823866313132672
0.0181681106266219909519677015713488059
0.0147358205312427231493109029870759886
0.0138706977309693874705238594356437179
0.0170266473935205572575913608156411107
0.015623024513434424242118053684610542
0.016660686995704899588233439457224981
0.0124473716367172713268728667377286773
0.021095187102142964041497339562901919
0.0146970132184048443931317754480480118
0.0178291514001046840548941514714490866
0.0145565887982390932836303116397008279
0.011702326835547703085340931776966993
0.0164854402093679799854702363452437247
0.0171278723816729404324087067585856816
0.0157302714445354176736366783098490324
0.0190232850064362332486160705664991508
0.0141430091261996284500963944792851891
0.0246434997994060629361010121544023806
0.0150393505984839325251009627957812038
0.0190358654458307725257707411251495849
0.0170312405222471336639547503503501488
0.0152632199533966966126691235197493191
0.00980004342648445979364258890781861129
0.0180412117070138080541252267678161829
0.0252153098838469274783795904115251035
0.0166019701383884350335613990778879197
0.0145175480902448820371735308688472426
0.0158951310192753279950760468276424841
0.021544110487952518277020449536335529
0.0199241852267648368485343553136379849
0.0174293262041725434030867160384578535
0.0189705153255479519552169143270098854
0.016780007126895637320726440506455037
0.0157692322929647983152591986721235159
0.0193331218150961868551045556209554389
0.013858214645667782389654686567582974
0.0164942818163759714983542315486855336
0.0148430154915520460518235924623420373
0.0126422717801817914912204344649267824
0.0153674437985523733277902141591892262
0.0151336478066798008363903670321313768
0.0175333704853637094565124537589329517
0.0152038634504881133099705289154554935
0.0179914840121285746525080070870761718
0.0182186706786892817440906313658149754
0.0164075652575425458079888840628144921
0.0156096284609722025597538184370295584
0.0195452894474247422715833650473454175
0.0131729003412598560096793301764654526
0.0117581015945557757340411377293716693
0.0190311319269757848754520209046869165
0.0178635769378767159253614482692400213
0.0154547688841246720834729240682076695
0.0193623724090106720875054299824000035
0.0128673632297314256574989606182878672
0.0183188955030124597440267138682435076
0.0146423998318756224853738652553904233
0.0172748435267191253554913602993318811
0.0152221656650957245295558734872646515
0.0168538181870645375554290737334924774
0.0153170407508879754326209097190631759
0.0204873726140464495513601304712406109
0.0133584239449834310972721855080379701
0.0130585054255985712100324647913114365
0.0186303665215507192262295335808413514
0.0147154466955043215051337292749316845
0.0123458278910626258499842611253906915
0.0151107743058296247232134501873891382
0.0177686866789522203212568136506668797
0.0133044191716815441615578944437503718
0.0157673242395309666903451629196716985
0.0141052318867906524121506595232381936
0.01572051302799375716051196746248363
0.0164620205963430949663838061416292353
0.015585055422632456419327208465389439
0.0161795529267178914284788997957034752
0.0162906499166097654608304588274649406
0.0137634144938211663256606360258072618
0.0173293315588120537464829683315077595
0.0189912476698983593027776166944129935
0.0106503866463699965688280996591621528
0.00938267745702931545311674688279632031
0.0184666868304660448767641700011770283
0.0107341628097204588036688302178031029
0.0153998123506284477797306727548268367
0.0211408890073158516327716276932631968
0.0153927757104485048932326302123858289
0.0140852420629335298068873845994084131
0.0135289832155834488610714001047948309
0.0144582155747191174565638686146441708
0.0182364999189695545298275450346970035
0.0136666194629032881576086129892624835
0.0155495619402394919197436569596003575
0.0115821152523038553356464756707621532
0.0119168886930558911858091573946095656
0.0186565174719246179575827441045207707
0.0144847694910460760846102881114986455
0.0131881300007633415759512207225767218
0.0165549674965768646554327060003282
0.01453633789085102960456489055081138
0.0198555294572530492105436256238468815
0.0158981905481154003925042892497837449
0.018054177737967153334302205314329913
0.0133775840590771409187636659092637135
0.0119735241532565632770950501391627737
0.0141137542710168475769467173630475136
0.0139897865318672554852135884809823042
0.0135999304022803188164574102428649744
0.0154742603214558147700594513549191404
0.0127065792099752509156328476743975485
0.0160822240732212758964956093076515566
0.0153615924212292789126088762064371544
0.0174770048209264796717896425599530134
0.0262574495025010992615644501934281671
0.0179474050093505528143846241972950993
0.0205495982691129889475653267525847885
0.0179646038112513638291156088597668315
0.0143884345549249754245661180624566526
0.0160526101540821120185217070479393502
0.0220152784987357261461554859753736506
0.0160068764789223552756369328326947535
0.0126628620306641838840121619244756341
0.0173035029973766298565309972258098722
0.0170878017835227959259174328447805522
0.0204448527507498509529282186644971355
0.00965892806862687901668324987859408312
0.0135953818128003927434809390024745797
0.017128455197167407590865507607054951
0.0158659943896382367924832782496227834
0.0125405110350775186728033035650994689
0.0162055509046502835766913040776318518
0.0119241827242087224000337129591676537
0.0134570886332015502589726217639793672
0.0183388077189573576749841765022107299
0.0108594434646656577325790020171553953
0.0151889296310204982493904097029831197
0.0138466455136671169189577476753503762
0.011555776138096423856877715863818663
0.0205365805745560368242746239774397434
0.0131329538665272308016525593015419248
0.0165896042084621294576146663566094598
0.0143212960135869293093319758195184342
0.0171391343338117315962794162633938499
0.0218895562888255310925270739915174135
0.0147257043195002171171482280914347227
0.0174666274228165849128131517813216086
0.0139771731538423686038785261183942553
0.0148312193285613751084257291270102643
0.0150187589937943234347129266402619235
0.0148070082780610104186603233562334913
0.0189567706167244822907907755474832772
0.0231733862018137058246777999743498092
0.0126131715503028703632753158847772636
0.0146011436755661727085385115560002786
0.0174369950498081896172326723993629357
0.0216025921826446465894541686673683942
0.0125489305105175752210658644325675859
0.0144669107728999699798496933371036246
0.0141475611700301957415917295049457588
0.019466175595260391374919862380059722
0.0191370676988132687503289050456378314
0.0196813001319648608604679918705810474
0.0149460658982882198293478826361239706
0.0202041027248043556345143666489726725
0.0167725549944948546327303537016169398
0.0163315357549896831790506200407050463
0.0132111190577792886154857584660488893
0.0112350396834566068669045312629698451
0.0134760184756100492946756790280403125
0.0159156631792892184592290261460804467
0.0156410206402231492117693150632234539
0.0148395108941797414381573687613153432
0.0214205624605384810992679303708326702
0.0133290886791602021947558445120277467
0.020697147762318645810491908479380612
0.0165472001638164597519254649160320471
0.0175240044660248549476936102963715039
0.0108298084523471255030534750173637287
0.014081028798784062054382125812813113
0.00864501235399790521420658525857176448
0.0102909380396823462137350120300944063
0.0229292438345638895431780655240972761
0.0178931863232673662417519605162695776
0.0116481040791532370903162252049563371
0.0111418578949337446168924146247817181
0.0158144806365522565524077999615724243
0.0189640320629091066047816704706082312
0.015435940552371514373098914707737015
0.0197445296592893928333119159143108171
0.0151765913132831784557357607346408232
0.0210407223034985810538996575194524839
0.0147364976823488793589738493113194267
0.0159147299115169519765467417371431016
0.0196536724712533719983398434511660418
0.0177418516688012131294920157492907449
0.0125233294531350542135426036901670435
0.0167877723878262310473295346313616893
0.0121646331958267262284511902806484452
0.0292465117872329982976532082043367871
0.0193092326575235331977770418938544088
0.0186501549578739634393732393354006257
0.0142193838606151129051131802312929956
0.0175806149724932334282748137937886185
0.0204146540480747734123207868382034768
0.0198544759356213661128598082038580435
0.0199974760535755471291531587986041402
0.0186408061619294911289522046585088585
0.0127727526789519139760760595375280938
0.020011879249431219957764196604383871
0.0141122698429730107664946700156321361
0.0175010132557540112155221462865103195
0.0118168550301831550927607685989219393
0.0213159218994818368461975754367039272
0.015419473892890163917302347782100301
0.01947871199912660630278602811739101
0.0173278427024136483579776439418966197
0.0177663211622322882584655315075767169
0.0122150192979406627906455257660395189
0.0180075789730524601881762702346195352
0.014457588009127240132489626696201639
0.0273696080443460882322668461276082145
0.0140353514980788583388273692533362907
0.0145513261636817587510703433249554182
0.0167000881647522646930127752286113189
0.0130242990380762438732578082365557072
0.0130773477708864795136135989259852836
0.0240401906650749914595909444816687744
0.0151480389250658081381290460373049429
0.0156614919022195409631679937156170783
0.0140196992248955909844203017843419246
0.0148874494588219463063550776534537907
0.0155931375026702950047726085116263225
0.0161735792077293031912777105172992592
0.0209600237830992709142717943915858156
0.0159977131944332983720799008630127296
0.0161257596655873020291129004798736055
0.0132227224770547986281427774755635165
0.0144004553805044037443629989102000997
0.0155801958048430555275459294085949278
0.0134690113849926050006387934964490348
0.0113611598541862567594943436205787029
0.0146148828475487068097126194760878634
0.0163781148370713413711417038078716257
0.017558814267872842991369993887001322
0.0130455933300376570493517973826880054
0.010913144503451977676769663510020871
0.0183282011438231323371329556286169778
0.0142041229471898114022957347720828623
0.0125415034341505325464989358487856106
0.017876275059703443681329508187683348
0.0129735939402854008440292217074005299
0.0195938822269278774510702274243310041
0.0172771022023613790281784634880660784
0.0133440033378978144791662631221896237
0.0139161957062309067922629980979904779
0.0150200447961389206840621525346802116
0.0167975890992720537028013602029941098
0.0164608967273465720055981810774341274
0.0161741031044711774213224765982980753
0.0154442952935714798154662288508580963
0.0150321644004427572536911642353626909
0.0154391364034031328919643657477802477
0.0126187356771240482891934171701384753
0.0132379647169160270964745565782688703
0.0115762342158875760580787065087725267
0.0139206813164277681455859715085301449
0.0178739672088214051196174345255857924
0.0115855253850269663059386805369764787
0.00817322225786533103282944932183122348
0.0219738223874313912633121805823023503
0.0204546317483088731602306378907519875
0.0181409620009449386282317865698872472
0.0143061025453065971083648579242857193
0.0204371535435295459422234404665866103
0.0186546528343942240892816696752565816
0.0168521300481778054587602466276058209
0.0117253020540260831582237504587441395
0.0127819677402748444590095330397359665
0.0166688872733256886458262495410570306
0.0172427185122978989476991589732019387
0.0178771290961797959062323361575105833
0.0244074583247971138776834866876344758
0.0183129268172645053664373685600866613
0.0164252370023801081911168299843800792
0.0173236640924089762412448671221245309
0.0168596814076655816413281524291331699
0.0110812994303013155773512085124650655
0.01406253001301114615957567015953229
0.0213166450068006510535269966888437529
0.0112240686375386318544696185972805899
0.0120641962220207343480732398495962029
0.0157334334673911499874554510999770266
0.0147701637024117575561375900978127426
0.0207490883226163135400959277536224218
0.0135693676280186440196266745643678658
0.0133124059604237386473516467380776383
0.0133414161722953789931265767602656228
0.015403383095524751403475994849239127
0.0148369326327234314099594765357840105
0.0187830028471791250916123896348101531
0.0110691990632669104405936118609552086
0.0119651196527006541472426816668703088
0.0157241269599905495646922465349317436
0.0119968496105907928912500174166512452
0.0101741557931006174660508830151723354
0.0170974556510307356139972193602175879
0.0137632042388309552046369154455118785
0.0168148531005497707875899740395080102
0.013584204507087287603905041125915296
0.0165623429716630865930977079660473888
0.01681891401986099109808849519385387
0.0171044278472921249846758333117125536
0.0107155329704888707178458715432886133
0.0107682291519249834308492437604374672
0.0180323785861778688368596978145800162
0.0191572090325507996263700694873884932
0.0142210819381753284217768105016708397
0.0185582398803432338614336109361065738
0.0140188279859105347380678418783347007
0.0170538607783524868472061978416512559
0.0117409622592567000026052324292292511
0.0146598700327597322871956760437261955
0.0135450110762145940370926916377521548
0.0193782467481179797708473127865340356
0.0171538896863261336787007910354764743
0.0126238127818323396333917631886976577
0.0163866064783286928064396228974787206
0.0156905705260156127027438128705303205
0.0142167328712714358113057850241252325
0.0204733389608174894404969950672544909
0.0194425246115500883375976136629522831
0.0175555333423187073414092540143807057
0.0160037849326762350803876622232166061
0.0231897490609466991587113372090844017
0.01639752985364498430702132901512908
0.0154272349443619511695455879631691
0.0136452818341658347373990782490140347
0.0179871415522479020257215613674517049
0.0129999886142973902923308585273948242
0.0176394212645745317673604476875035929
0.0157695264548424680216776405020672205
0.0155736131898462736993307583991438124
0.017092612091121778482132021012947977
0.015702234190976962167334746871693248
0.0182546089815957583781101761907061521
0.0144501967325352108901452036651695074
0.0190414825233403457740795528202909127
0.0170154062093240373863424130192437636
0.0165947957671322034740576713931037444
0.0184979129129964356390542903485909102
0.0123855514569037914964437958052048689
0.0167558229467768829724708922933367488
0.0223748372625718371190587470084853873
0.0165630465926512948046326231612730684
0.0152295720969674894942795389098152565
0.0163845624568065825944904688166504841
0.01514486104165967884093326229390927
0.017344090330702717721207690099268564
0.021024681491479318244512116082357283
0.0159312514202960240289396684634410255
0.0194304729003665990098888742722550537
0.0242299444232464506612206474777754611
0.0121015543074336719091667094169637581
0.016703639929633410507569021683249902
0.0132990135455403136802071150131542436
0.0170304949697244064101420106872138022
0.0189946527876490094986114171462196515
0.0137586778816314380708921118229409451
0.0179689727620171187031502049627055951
0.0179777767116971649359240701283121982
0.0140552296847454262406582002438226235
0.0141819511291183172274788191184503156
0.0149304316034207643213963073234625341
0.0164672828939717858362167814823476471
0.0151475687838909326366054255380133123
0.0211831521177246717223402034225777453
0.0156033426059162918648904730922511975
0.0170169505885941376255875071615580843
0.0181580790098089446586996132850311494
0.0175954330689754503820635272417657876
0.0172809238709288800479023213205711845
0.0165857787029035191297741701254475624
0.0205134000967329638683468050836634916
0.0158337080760929900045860170578208554
0.0146281710891732334520687603703525341
0.0148526495230205113354467950521429696
0.0155721795696120542852106235893078723
0.0134732064888134986534676967244688956
0.0165360204871377221309589481507904676
0.0162333624681258704770909325580843314
0.0189945197562310678896660072850275752
0.0146085959337314473186721830586009308
0.0214831061970143226676549978521371265
0.016712724886751302908937109983947109
0.0193410813035215900032382894105024263
0.0166024489719674779278048207511850508
0.0200512367164165694916903383604583745
0.0157788506783069172785895424912236207
0.0159833900436702011224437497464861629
0.0174196515248528256392633113738662797
0.013577503936834217889250734756061189
0.0148084747159886145258123040049749785
0.0183143339268460668297023176443978032
0.0131597016659506327737298358714223805
0.0125113713506288166775533375466584784
0.009196705909502244034818890702580946
0.0133284816895414242545493616570082688
0.0179684949826151225636070483231087493
0.0157553844298397850598355571060472771
0.0171022257525011391784696445161749192
0.0139682190804618859474302689938765826
0.0173421971304712131659720428605275521
0.0225457672799749476042172951427491211
0.0130327253442435260097859421710813183
0.0197301998993469171669598265651948494
0.0164549564017181715092870409459104394
0.0200976085970071539111320672076985038
0.0196896930275735183498271369133704505
0.0214074590844747885604476605053960367
0.0171146685560860200850735674210377575
0.00951133916524556210145840269612165622
0.0133419825079211989490974319219485199
0.0145050726755741036472353325976746763
0.0148745808527263635769602307682488192
0.0161780301790819155075416087595888025
0.0171936745155428574913477865237570564
0.0143518795817243182634362808117661745
0.0144071708393236276742542340435881637
0.0118099775290076782056694467771519162
0.0157061810680081099722977896191420645
0.0120965557594900951627902160112198132
0.0198646189487369557481872963342831092
0.0149788331365813111923019783655429353
0.015319607331020006801023464943642744
0.0169306415159560587898460672009379725
0.0159071951081868428045296488808898438
0.0156526430234563285583535681164657274
0.0229919496757673131529722061258040917
0.0114704315089220131246240548381170377
0.0193550097901690632209050845884597119
0.0202130188363003531915760820368666873
0.015540322764073710928245162073346031
0.0149466634633290142432990811366897907
0.0190435261564176209862795090148764522
0.0232698069939183725570825994215143169
0.0175324747249853409292050316155843186
0.0149636299872080808446071462434269748
0.0130673570196826792537109592593001339
0.0219344048785472776036381620398945647
0.0192932301295805849404114887476978969
0.0124329208503289712196700453869672775
0.018338549964081805068774351050002757
0.019001808243991339055793569032549545
0.0133780468138718159107523993743539221
0.0138542904143161642002484488263680699
0.0152299658927206617349458196390634777
0.0179160047093293526251376580817596386
0.0149333084569058192811914935593690655
0.0130455007303761493361934544377842373
0.0113399851092782414466075922780079597
0.0113965616053411786720449579083762636
0.0148479104759363435040708479164305596
0.0171906750263521108101328311958028224
0.0301729977580479988107294630159158536
